
Monte Carlo Results for L=1.00 Hard-Sphere 2-mer Fluid with N=200 at vf=0.14000
Neighbor list in use with NUPDATE=10
Lbox/sigma=14.45 (rho=0.13369) DR=0.020
ISEED=1761 NEQL=1.00e+04 NRUN=1.00e+05 NACCUM=2

initial delta=0.74  initial rlist=16.85
Lx=14.07 Ly=13.50 Lz=15.87 (nx_max=7 ny_max=9 nz_max=10)

System Config after 1 MC cycles:
0 0.000000 0.000000 0.000000
1 1.000000 0.000000 0.000000
2 2.010000 0.000000 0.000000
3 3.010000 0.000000 0.000000
4 4.020000 0.000000 0.000000
5 5.020000 0.000000 0.000000
6 6.030000 0.000000 0.000000
7 7.030000 0.000000 0.000000
8 8.040000 0.000000 0.000000
9 9.040000 0.000000 0.000000
10 10.050000 0.000000 0.000000
11 11.050000 0.000000 0.000000
12 12.060000 0.000000 0.000000
13 13.060000 0.000000 0.000000
14 0.000000 1.500000 0.000000
15 1.000000 1.500000 0.000000
16 2.010000 1.500000 0.000000
17 3.010000 1.500000 0.000000
18 4.020000 1.500000 0.000000
19 5.020000 1.500000 0.000000
20 6.030000 1.500000 0.000000
21 7.030000 1.500000 0.000000
22 8.040000 1.500000 0.000000
23 9.040000 1.500000 0.000000
24 10.050000 1.500000 0.000000
25 11.050000 1.500000 0.000000
26 12.060000 1.500000 0.000000
27 13.060000 1.500000 0.000000
28 0.000000 3.000000 0.000000
29 1.000000 3.000000 0.000000
30 2.010000 3.000000 0.000000
31 3.010000 3.000000 0.000000
32 4.020000 3.000000 0.000000
33 5.020000 3.000000 0.000000
34 6.030000 3.000000 0.000000
35 7.030000 3.000000 0.000000
36 8.040000 3.000000 0.000000
37 9.040000 3.000000 0.000000
38 10.050000 3.000000 0.000000
39 11.050000 3.000000 0.000000
40 12.060000 3.000000 0.000000
41 13.060000 3.000000 0.000000
42 0.000000 4.500000 0.000000
43 1.000000 4.500000 0.000000
44 2.010000 4.500000 0.000000
45 3.010000 4.500000 0.000000
46 4.020000 4.500000 0.000000
47 5.020000 4.500000 0.000000
48 6.030000 4.500000 0.000000
49 7.030000 4.500000 0.000000
50 8.040000 4.500000 0.000000
51 9.040000 4.500000 0.000000
52 10.050000 4.500000 0.000000
53 11.050000 4.500000 0.000000
54 12.060000 4.500000 0.000000
55 13.060000 4.500000 0.000000
56 0.000000 6.000000 0.000000
57 1.000000 6.000000 0.000000
58 2.010000 6.000000 0.000000
59 3.010000 6.000000 0.000000
60 4.020000 6.000000 0.000000
61 5.020000 6.000000 0.000000
62 6.030000 6.000000 0.000000
63 7.030000 6.000000 0.000000
64 8.040000 6.000000 0.000000
65 9.040000 6.000000 0.000000
66 10.050000 6.000000 0.000000
67 11.050000 6.000000 0.000000
68 12.060000 6.000000 0.000000
69 13.060000 6.000000 0.000000
70 0.000000 7.500000 0.000000
71 1.000000 7.500000 0.000000
72 2.010000 7.500000 0.000000
73 3.010000 7.500000 0.000000
74 4.020000 7.500000 0.000000
75 5.020000 7.500000 0.000000
76 6.030000 7.500000 0.000000
77 7.030000 7.500000 0.000000
78 8.040000 7.500000 0.000000
79 9.040000 7.500000 0.000000
80 10.050000 7.500000 0.000000
81 11.050000 7.500000 0.000000
82 12.060000 7.500000 0.000000
83 13.060000 7.500000 0.000000
84 0.000000 9.000000 0.000000
85 1.000000 9.000000 0.000000
86 2.010000 9.000000 0.000000
87 3.010000 9.000000 0.000000
88 4.020000 9.000000 0.000000
89 5.020000 9.000000 0.000000
90 6.030000 9.000000 0.000000
91 7.030000 9.000000 0.000000
92 8.040000 9.000000 0.000000
93 9.040000 9.000000 0.000000
94 10.050000 9.000000 0.000000
95 11.050000 9.000000 0.000000
96 12.060000 9.000000 0.000000
97 13.060000 9.000000 0.000000
98 0.000000 10.500000 0.000000
99 1.000000 10.500000 0.000000
100 2.010000 10.500000 0.000000
101 3.010000 10.500000 0.000000
102 4.020000 10.500000 0.000000
103 5.020000 10.500000 0.000000
104 6.030000 10.500000 0.000000
105 7.030000 10.500000 0.000000
106 8.040000 10.500000 0.000000
107 9.040000 10.500000 0.000000
108 10.050000 10.500000 0.000000
109 11.050000 10.500000 0.000000
110 12.060000 10.500000 0.000000
111 13.060000 10.500000 0.000000
112 0.000000 12.000000 0.000000
113 1.000000 12.000000 0.000000
114 2.010000 12.000000 0.000000
115 3.010000 12.000000 0.000000
116 4.020000 12.000000 0.000000
117 5.020000 12.000000 0.000000
118 6.030000 12.000000 0.000000
119 7.030000 12.000000 0.000000
120 8.040000 12.000000 0.000000
121 9.040000 12.000000 0.000000
122 10.050000 12.000000 0.000000
123 11.050000 12.000000 0.000000
124 12.060000 12.000000 0.000000
125 13.060000 12.000000 0.000000
126 0.000000 0.000000 1.500000
127 1.000000 0.000000 1.500000
128 2.010000 0.000000 1.500000
129 3.010000 0.000000 1.500000
130 4.020000 0.000000 1.500000
131 5.020000 0.000000 1.500000
132 6.030000 0.000000 1.500000
133 7.030000 0.000000 1.500000
134 8.040000 0.000000 1.500000
135 9.040000 0.000000 1.500000
136 10.050000 0.000000 1.500000
137 11.050000 0.000000 1.500000
138 12.060000 0.000000 1.500000
139 13.060000 0.000000 1.500000
140 0.000000 1.500000 1.500000
141 1.000000 1.500000 1.500000
142 2.010000 1.500000 1.500000
143 3.010000 1.500000 1.500000
144 4.020000 1.500000 1.500000
145 5.020000 1.500000 1.500000
146 6.030000 1.500000 1.500000
147 7.030000 1.500000 1.500000
148 8.040000 1.500000 1.500000
149 9.040000 1.500000 1.500000
150 10.050000 1.500000 1.500000
151 11.050000 1.500000 1.500000
152 12.060000 1.500000 1.500000
153 13.060000 1.500000 1.500000
154 0.000000 3.000000 1.500000
155 1.000000 3.000000 1.500000
156 2.010000 3.000000 1.500000
157 3.010000 3.000000 1.500000
158 4.020000 3.000000 1.500000
159 5.020000 3.000000 1.500000
160 6.030000 3.000000 1.500000
161 7.030000 3.000000 1.500000
162 8.040000 3.000000 1.500000
163 9.040000 3.000000 1.500000
164 10.050000 3.000000 1.500000
165 11.050000 3.000000 1.500000
166 12.060000 3.000000 1.500000
167 13.060000 3.000000 1.500000
168 0.000000 4.500000 1.500000
169 1.000000 4.500000 1.500000
170 2.010000 4.500000 1.500000
171 3.010000 4.500000 1.500000
172 4.020000 4.500000 1.500000
173 5.020000 4.500000 1.500000
174 6.030000 4.500000 1.500000
175 7.030000 4.500000 1.500000
176 8.040000 4.500000 1.500000
177 9.040000 4.500000 1.500000
178 10.050000 4.500000 1.500000
179 11.050000 4.500000 1.500000
180 12.060000 4.500000 1.500000
181 13.060000 4.500000 1.500000
182 0.000000 6.000000 1.500000
183 1.000000 6.000000 1.500000
184 2.010000 6.000000 1.500000
185 3.010000 6.000000 1.500000
186 4.020000 6.000000 1.500000
187 5.020000 6.000000 1.500000
188 6.030000 6.000000 1.500000
189 7.030000 6.000000 1.500000
190 8.040000 6.000000 1.500000
191 9.040000 6.000000 1.500000
192 10.050000 6.000000 1.500000
193 11.050000 6.000000 1.500000
194 12.060000 6.000000 1.500000
195 13.060000 6.000000 1.500000
196 0.000000 7.500000 1.500000
197 1.000000 7.500000 1.500000
198 2.010000 7.500000 1.500000
199 3.010000 7.500000 1.500000
200 4.020000 7.500000 1.500000
201 5.020000 7.500000 1.500000
202 6.030000 7.500000 1.500000
203 7.030000 7.500000 1.500000
204 8.040000 7.500000 1.500000
205 9.040000 7.500000 1.500000
206 10.050000 7.500000 1.500000
207 11.050000 7.500000 1.500000
208 12.060000 7.500000 1.500000
209 13.060000 7.500000 1.500000
210 0.000000 9.000000 1.500000
211 1.000000 9.000000 1.500000
212 2.010000 9.000000 1.500000
213 3.010000 9.000000 1.500000
214 4.020000 9.000000 1.500000
215 5.020000 9.000000 1.500000
216 6.030000 9.000000 1.500000
217 7.030000 9.000000 1.500000
218 8.040000 9.000000 1.500000
219 9.040000 9.000000 1.500000
220 10.050000 9.000000 1.500000
221 11.050000 9.000000 1.500000
222 12.060000 9.000000 1.500000
223 13.060000 9.000000 1.500000
224 0.000000 10.500000 1.500000
225 1.000000 10.500000 1.500000
226 2.010000 10.500000 1.500000
227 3.010000 10.500000 1.500000
228 4.020000 10.500000 1.500000
229 5.020000 10.500000 1.500000
230 6.030000 10.500000 1.500000
231 7.030000 10.500000 1.500000
232 8.040000 10.500000 1.500000
233 9.040000 10.500000 1.500000
234 10.050000 10.500000 1.500000
235 11.050000 10.500000 1.500000
236 12.060000 10.500000 1.500000
237 13.060000 10.500000 1.500000
238 0.000000 12.000000 1.500000
239 1.000000 12.000000 1.500000
240 2.010000 12.000000 1.500000
241 3.010000 12.000000 1.500000
242 4.020000 12.000000 1.500000
243 5.020000 12.000000 1.500000
244 6.030000 12.000000 1.500000
245 7.030000 12.000000 1.500000
246 8.040000 12.000000 1.500000
247 9.040000 12.000000 1.500000
248 10.050000 12.000000 1.500000
249 11.050000 12.000000 1.500000
250 12.060000 12.000000 1.500000
251 13.060000 12.000000 1.500000
252 0.000000 0.000000 3.000000
253 1.000000 0.000000 3.000000
254 2.010000 0.000000 3.000000
255 3.010000 0.000000 3.000000
256 4.020000 0.000000 3.000000
257 5.020000 0.000000 3.000000
258 6.030000 0.000000 3.000000
259 7.030000 0.000000 3.000000
260 8.040000 0.000000 3.000000
261 9.040000 0.000000 3.000000
262 10.050000 0.000000 3.000000
263 11.050000 0.000000 3.000000
264 12.060000 0.000000 3.000000
265 13.060000 0.000000 3.000000
266 0.000000 1.500000 3.000000
267 1.000000 1.500000 3.000000
268 2.010000 1.500000 3.000000
269 3.010000 1.500000 3.000000
270 4.020000 1.500000 3.000000
271 5.020000 1.500000 3.000000
272 6.030000 1.500000 3.000000
273 7.030000 1.500000 3.000000
274 8.040000 1.500000 3.000000
275 9.040000 1.500000 3.000000
276 10.050000 1.500000 3.000000
277 11.050000 1.500000 3.000000
278 12.060000 1.500000 3.000000
279 13.060000 1.500000 3.000000
280 0.000000 3.000000 3.000000
281 1.000000 3.000000 3.000000
282 2.010000 3.000000 3.000000
283 3.010000 3.000000 3.000000
284 4.020000 3.000000 3.000000
285 5.020000 3.000000 3.000000
286 6.030000 3.000000 3.000000
287 7.030000 3.000000 3.000000
288 8.040000 3.000000 3.000000
289 9.040000 3.000000 3.000000
290 10.050000 3.000000 3.000000
291 11.050000 3.000000 3.000000
292 12.060000 3.000000 3.000000
293 13.060000 3.000000 3.000000
294 0.000000 4.500000 3.000000
295 1.000000 4.500000 3.000000
296 2.010000 4.500000 3.000000
297 3.010000 4.500000 3.000000
298 4.020000 4.500000 3.000000
299 5.020000 4.500000 3.000000
300 6.030000 4.500000 3.000000
301 7.030000 4.500000 3.000000
302 8.040000 4.500000 3.000000
303 9.040000 4.500000 3.000000
304 10.050000 4.500000 3.000000
305 11.050000 4.500000 3.000000
306 12.060000 4.500000 3.000000
307 13.060000 4.500000 3.000000
308 0.000000 6.000000 3.000000
309 1.000000 6.000000 3.000000
310 2.010000 6.000000 3.000000
311 3.010000 6.000000 3.000000
312 4.020000 6.000000 3.000000
313 5.020000 6.000000 3.000000
314 6.030000 6.000000 3.000000
315 7.030000 6.000000 3.000000
316 8.040000 6.000000 3.000000
317 9.040000 6.000000 3.000000
318 10.050000 6.000000 3.000000
319 11.050000 6.000000 3.000000
320 12.060000 6.000000 3.000000
321 13.060000 6.000000 3.000000
322 0.000000 7.500000 3.000000
323 1.000000 7.500000 3.000000
324 2.010000 7.500000 3.000000
325 3.010000 7.500000 3.000000
326 4.020000 7.500000 3.000000
327 5.020000 7.500000 3.000000
328 6.030000 7.500000 3.000000
329 7.030000 7.500000 3.000000
330 8.040000 7.500000 3.000000
331 9.040000 7.500000 3.000000
332 10.050000 7.500000 3.000000
333 11.050000 7.500000 3.000000
334 12.060000 7.500000 3.000000
335 13.060000 7.500000 3.000000
336 0.000000 9.000000 3.000000
337 1.000000 9.000000 3.000000
338 2.010000 9.000000 3.000000
339 3.010000 9.000000 3.000000
340 4.020000 9.000000 3.000000
341 5.020000 9.000000 3.000000
342 6.030000 9.000000 3.000000
343 7.030000 9.000000 3.000000
344 8.040000 9.000000 3.000000
345 9.040000 9.000000 3.000000
346 10.050000 9.000000 3.000000
347 11.050000 9.000000 3.000000
348 12.060000 9.000000 3.000000
349 13.060000 9.000000 3.000000
350 0.000000 10.500000 3.000000
351 1.000000 10.500000 3.000000
352 2.010000 10.500000 3.000000
353 3.010000 10.500000 3.000000
354 4.020000 10.500000 3.000000
355 5.020000 10.500000 3.000000
356 6.030000 10.500000 3.000000
357 7.030000 10.500000 3.000000
358 8.040000 10.500000 3.000000
359 9.040000 10.500000 3.000000
360 10.050000 10.500000 3.000000
361 11.050000 10.500000 3.000000
362 12.060000 10.500000 3.000000
363 13.060000 10.500000 3.000000
364 0.000000 12.000000 3.000000
365 1.000000 12.000000 3.000000
366 2.010000 12.000000 3.000000
367 3.010000 12.000000 3.000000
368 4.020000 12.000000 3.000000
369 5.020000 12.000000 3.000000
370 6.030000 12.000000 3.000000
371 7.030000 12.000000 3.000000
372 8.040000 12.000000 3.000000
373 9.040000 12.000000 3.000000
374 10.050000 12.000000 3.000000
375 11.050000 12.000000 3.000000
376 12.060000 12.000000 3.000000
377 13.060000 12.000000 3.000000
378 0.000000 0.000000 4.500000
379 1.000000 0.000000 4.500000
380 2.010000 0.000000 4.500000
381 3.010000 0.000000 4.500000
382 4.020000 0.000000 4.500000
383 5.020000 0.000000 4.500000
384 6.030000 0.000000 4.500000
385 7.030000 0.000000 4.500000
386 8.040000 0.000000 4.500000
387 9.040000 0.000000 4.500000
388 10.050000 0.000000 4.500000
389 11.050000 0.000000 4.500000
390 12.060000 0.000000 4.500000
391 13.060000 0.000000 4.500000
392 0.000000 1.500000 4.500000
393 1.000000 1.500000 4.500000
394 2.010000 1.500000 4.500000
395 3.010000 1.500000 4.500000
396 4.020000 1.500000 4.500000
397 5.020000 1.500000 4.500000
398 6.030000 1.500000 4.500000
399 7.030000 1.500000 4.500000
400 6.030000 1.500000 4.500000
401 7.030000 1.500000 4.500000
402 8.030000 1.500000 4.500000

