System Config after 10000 MC cycles:
0 10.081020 2.709026 0.561043
1 9.095849 2.570280 0.661974
2 2.870536 4.525053 2.887181
3 2.607713 4.680733 1.934979
4 5.427222 9.056905 6.527289
5 5.990711 9.198602 7.341170
6 4.669373 10.969320 8.119357
7 4.912761 11.902402 7.854553
8 10.260823 7.265710 11.876764
9 10.020586 8.088773 11.362123
10 3.833907 8.028590 9.597907
11 3.208764 8.246019 8.848293
12 12.130280 5.988865 14.393508
13 12.133840 5.914506 13.396283
14 2.683830 2.718468 1.471627
15 2.401268 2.022208 0.811793
16 8.712092 0.697493 7.778945
17 8.696800 0.374490 8.725220
18 0.244332 8.917705 11.539537
19 0.618757 8.561750 10.683324
20 13.383857 0.406833 4.140025
21 0.085545 13.337004 3.857547
22 2.840039 8.208592 6.521321
23 3.107995 7.312936 6.876285
24 4.488911 2.850076 4.286557
25 4.886632 3.747459 4.477664
26 9.948147 10.538039 11.841827
27 10.655678 10.361948 11.157436
28 11.114108 5.283081 2.316175
29 11.336516 6.257199 2.356525
30 0.923700 10.924926 13.562135
31 0.082898 10.468308 13.271356
32 7.947254 0.300914 5.496432
33 8.136571 0.967982 4.775891
34 9.322455 13.310893 13.313803
35 9.886749 0.240510 12.608820
36 7.097768 4.821188 12.117336
37 7.009637 4.327126 11.252387
38 7.333805 10.927823 8.952098
39 7.161085 11.527831 9.733224
40 11.404962 0.189260 9.717001
41 12.130222 0.757053 10.106371
42 5.400008 6.368578 9.551813
43 6.302612 6.026814 9.813546
44 13.096711 9.836395 5.227697
45 13.266505 8.930400 5.615439
46 7.291750 1.567717 11.713109
47 7.791093 2.178491 11.098608
48 6.900876 7.020643 14.697424
49 5.981003 6.835593 14.351605
50 10.691784 12.062289 0.936268
51 11.451269 11.471946 1.209542
52 9.055649 7.448970 0.422033
53 8.533703 6.636293 0.162938
54 1.925090 7.227931 12.721834
55 2.845771 6.943418 12.454629
56 3.616714 0.228244 12.358784
57 4.006803 12.814589 12.473080
58 5.448210 7.209228 7.688790
59 5.828405 6.296737 7.537755
60 4.061342 13.347192 14.508046
61 3.658951 12.437264 14.407479
62 2.855973 8.741626 10.523043
63 2.523474 7.913908 10.975069
64 8.669074 11.427494 13.838682
65 8.215860 11.343172 12.951278
66 2.067020 6.411993 3.525463
67 3.050830 6.238959 3.478822
68 0.636030 2.539802 6.686714
69 0.753475 3.059824 5.840674
70 7.008698 4.501815 5.751443
71 6.306937 5.007392 6.253364
72 5.469061 3.663729 1.504051
73 4.799738 4.399291 1.399386
74 12.292625 11.781360 14.829777
75 11.412263 12.248619 14.911206
76 7.090689 6.864081 7.633687
77 7.391027 6.257043 8.369420
78 10.641040 1.606862 11.142861
79 10.626395 2.550265 11.474184
80 12.237552 4.784684 7.072394
81 12.429764 3.849931 7.371211
82 6.725008 11.858835 5.781308
83 6.562165 12.792818 6.099363
84 2.907927 12.878921 12.840253
85 3.052800 0.203011 13.387874
86 11.861570 6.077182 12.087735
87 11.279547 5.274571 12.218360
88 9.785435 12.434454 3.784389
89 9.154875 13.151794 4.080731
90 7.297502 0.419618 0.212654
91 7.483243 0.704958 15.142428
92 13.993973 4.237540 7.549209
93 13.532004 3.421315 7.896143
94 1.462272 12.255503 1.888625
95 1.616557 12.304090 2.875456
96 2.132667 6.406667 7.585252
97 1.618050 7.159534 7.995570
98 10.426131 11.944931 10.345369
99 9.899418 11.104820 10.215801
100 6.926705 1.087347 9.981873
101 7.011540 0.809579 9.024978
102 13.188624 4.432621 14.343731
103 13.553183 5.363364 14.315199
104 10.424676 11.329882 12.472385
105 11.182775 10.840996 12.903983
106 1.933878 10.753228 7.088920
107 2.782508 11.021025 6.632728
108 13.914694 11.168384 11.708765
109 13.130132 11.037071 11.102778
110 2.897261 6.077174 5.207455
111 3.849072 6.317745 5.397665
112 4.044122 9.780913 9.951732
113 4.561409 9.764225 10.807381
114 2.592404 5.357250 8.316513
115 3.180394 5.721077 9.038937
116 8.459992 3.102441 3.212622
117 9.238974 3.327424 3.797917
118 10.906376 0.433981 4.642128
119 10.844723 0.695146 5.605452
120 11.785796 3.418902 5.148011
121 11.910557 3.737197 6.087757
122 3.544980 9.880901 5.875464
123 4.311383 9.473360 6.371988
124 10.497563 5.308564 6.950538
125 10.373999 6.177910 7.429045
126 10.277869 3.468513 3.650009
127 11.203982 3.374516 4.015356
128 9.767125 9.896752 4.673291
129 10.527136 10.057982 5.302885
130 13.165558 6.122970 12.539473
131 0.013185 6.474848 12.724248
132 10.201479 13.356869 9.721453
133 10.496991 0.450838 10.469700
134 9.129591 9.226979 13.305736
135 9.378710 9.142454 12.340959
136 2.765357 3.614173 4.327786
137 2.385301 3.841014 5.224503
138 7.186976 10.578699 6.854066
139 6.211302 10.516949 6.643713
140 4.915331 1.111377 6.961710
141 5.281907 1.897107 6.463462
142 6.316537 12.488896 13.411213
143 7.305293 12.557509 13.278340
144 6.771120 3.336068 4.113142
145 6.538956 3.700925 5.014796
146 3.301912 10.774330 9.988120
147 3.464897 10.947742 9.016850
148 8.543533 8.593256 11.473883
149 8.690591 8.184275 12.374499
150 0.898813 4.367717 8.063026
151 1.257115 4.516161 7.141297
152 10.481535 4.196163 5.657825
153 10.786686 3.243863 5.660309
154 13.347000 2.461350 5.953001
155 12.377599 2.216321 5.967927
156 1.187116 7.572337 15.617928
157 1.810231 8.160203 15.102039
158 2.669162 1.883286 2.447960
159 1.790430 1.406052 2.439166
160 10.200129 8.596038 8.634421
161 9.814662 7.673773 8.605401
162 2.554689 9.297816 2.584386
163 1.795830 8.652904 2.675053
164 1.044147 2.864570 10.654724
165 1.183423 2.968620 9.669952
166 3.048912 10.397756 15.865084
167 2.130791 10.423808 15.469641
168 1.159653 4.394716 1.435768
169 1.909756 3.847012 1.806397
170 10.631253 13.135076 8.451064
171 10.862941 12.383972 7.832870
172 3.905933 13.495700 5.791333
173 3.610502 0.775757 5.239761
174 7.932427 7.944668 13.097202
175 7.890409 8.942217 13.041254
176 1.815368 2.941344 4.554639
177 1.031725 2.573622 4.053954
178 13.485819 10.964200 13.925486
179 12.708121 11.409403 13.481662
180 0.662135 10.506974 5.410409
181 1.208234 10.517470 6.248064
182 0.561086 1.882743 14.725348
183 13.758406 1.447487 14.504033
184 11.920456 12.685038 1.909495
185 11.329226 13.490939 1.940647
186 10.837161 12.536507 5.773128
187 9.857267 12.685917 5.640899
188 2.192797 2.845920 6.830844
189 2.767702 3.197054 6.091798
190 7.447396 2.156855 7.473441
191 7.332764 1.559287 6.679860
192 9.001417 7.409619 13.562198
193 9.450216 6.782710 12.925359
194 5.125202 10.008058 4.947600
195 5.077034 9.015053 5.055401
196 11.261880 2.314831 15.652602
197 11.297170 2.800575 14.779213
198 7.401012 2.484299 3.690292
199 7.948249 1.893649 3.097279
200 4.630529 11.521893 12.360686
201 5.138258 11.736075 13.195154
202 12.601650 6.153421 10.419587
203 13.448467 6.327135 10.922303
204 6.749138 8.879228 10.917927
205 6.478281 9.808115 11.170525
206 5.557540 2.314248 1.355006
207 5.894851 2.465454 2.284177
208 5.999716 11.036983 4.038167
209 6.362336 10.106215 3.991506
210 3.839128 12.089267 9.722119
211 3.077304 12.474101 9.201037
212 11.266159 3.554501 9.242988
213 11.249028 4.060482 10.105362
214 8.018626 11.734563 1.505095
215 7.058537 11.547771 1.296915
216 0.941116 12.638583 15.699001
217 14.062450 12.924744 15.564295
218 7.904260 4.273968 2.271600
219 8.521357 3.707802 1.725114
220 5.556926 0.523087 9.598368
221 4.720909 0.987999 9.889799
222 6.576378 8.044887 0.870920
223 5.769467 8.523529 1.217036
224 5.284647 0.682377 14.262212
225 4.349728 0.805870 13.929534
226 4.711524 1.894276 13.931383
227 5.279687 2.332501 13.234856
228 11.948398 9.196210 14.561138
229 11.087449 9.398527 15.027865
230 7.736986 10.195605 12.295824
231 7.250165 10.957843 11.869212
232 6.698951 11.833309 7.030253
233 6.797796 12.538851 7.731994
234 6.703055 0.816218 11.136133
235 5.734624 0.948784 10.925024
236 8.009532 2.554411 5.177669
237 8.930783 2.171846 5.247958
238 13.145893 12.359021 13.249156
239 14.059171 12.174494 13.612299
240 4.492617 13.004216 10.698613
241 5.438961 13.264734 10.507398
242 9.087329 10.825365 4.379932
243 8.089538 10.765493 4.351158
244 12.353070 12.646039 6.909748
245 11.958638 13.484958 6.534730
246 4.116000 10.548087 13.799932
247 3.645693 9.745004 14.165815
248 11.427057 11.494056 10.490975
249 12.022970 10.691190 10.508129
250 4.805353 10.977381 2.178560
251 4.986863 11.642850 2.902580
252 5.233223 11.419691 5.970497
253 4.749327 12.244509 6.262933
254 3.063325 4.110756 9.025915
255 3.361358 3.624973 8.204215
256 7.626928 6.892297 5.087864
257 7.776740 6.154005 4.430231
258 0.595437 5.481870 11.503018
259 1.481730 5.067287 11.296606
260 11.743640 11.807059 4.215462
261 11.901098 12.623369 4.771200
262 7.464380 10.749456 2.217728
263 6.473590 10.760626 2.082786
264 11.023184 6.852410 6.685975
265 10.905668 7.844583 6.728181
266 9.177239 4.690191 14.113763
267 8.900493 5.089058 13.239511
268 1.806011 2.790957 13.622204
269 0.951968 2.370381 13.316058
270 8.676656 7.018477 11.999006
271 7.821780 6.812426 12.475167
272 13.527432 8.327313 0.723221
273 0.079834 7.554619 0.847951
274 12.026389 7.649337 12.110322
275 12.661442 7.172821 12.718302
276 2.187767 12.827374 11.761863
277 3.153021 12.888198 11.507726
278 3.363311 3.013327 5.125554
279 4.165787 2.738420 5.655137
280 11.636488 0.849493 3.152826
281 11.085046 1.678244 3.057514
282 10.448642 4.745275 11.215628
283 11.236492 5.215309 10.817682
284 9.903043 3.883352 13.353676
285 10.893885 4.018330 13.350239
286 13.195568 12.994871 0.689483
287 13.146946 12.095363 1.123673
288 9.588264 2.496674 6.493286
289 8.977062 3.173036 6.082230
290 11.539344 11.094469 7.874621
291 12.499117 11.362323 7.790421
292 9.486713 5.385845 2.989011
293 9.122441 4.488337 2.740444
294 2.188421 2.294084 8.435537
295 2.549390 1.470566 7.997908
296 8.419717 12.992806 11.969031
297 8.614766 0.158063 11.248345
298 1.586531 7.817675 5.210592
299 1.614168 7.504485 4.261304
300 12.142055 2.547151 4.178752
301 12.643685 2.152831 4.948738
302 9.651313 10.273912 6.401095
303 9.362622 9.751061 5.599044
304 12.498904 2.490524 2.551104
305 11.927198 3.229852 2.195371
306 13.683661 12.919003 9.392378
307 12.730435 13.010554 9.104317
308 0.206044 10.155217 8.858719
309 13.847724 10.882444 9.395079
310 8.272343 8.581680 5.116671
311 8.521755 7.785909 4.564818
312 10.572884 7.629606 0.312334
313 9.782531 8.151896 0.632576
314 9.765844 2.523985 9.741026
315 9.077955 3.247633 9.684974
316 8.655972 4.411210 10.380579
317 7.907612 3.869978 9.997140
318 0.133833 11.368205 3.927196
319 13.669263 12.180759 4.159556
320 11.018083 9.277836 4.028178
321 10.709354 9.061219 3.102022
322 12.146295 6.218160 15.530328
323 11.958419 6.510209 0.598067
324 8.814002 7.331445 14.984674
325 8.516214 8.101275 14.420154
326 6.430172 7.140609 5.617108
327 5.723844 6.489175 5.894117
328 3.890743 4.852053 12.846257
329 4.763059 4.386214 12.994780
330 0.947756 9.243688 5.071131
331 1.564353 8.756898 5.689874
332 0.910798 9.428712 7.234206
333 0.944432 10.217951 7.847371
334 13.213846 13.154552 2.990412
335 12.390531 12.913613 3.504319
336 7.674312 0.031077 7.149706
337 8.067298 0.851960 6.735322
338 1.072120 3.230304 8.572659
339 1.310882 2.725840 7.742895
340 13.973649 0.854088 2.980371
341 13.196821 1.021052 2.373196
342 1.945598 4.790602 14.109440
343 1.795261 5.392835 14.893477
344 13.608980 10.325647 15.224454
345 13.822420 9.454425 15.666511
346 3.587998 6.516974 15.252066
347 3.085842 5.742680 15.637174
348 13.257361 3.041123 0.201799
349 0.020405 3.182419 0.736657
350 8.389802 1.504795 15.696598
351 9.178665 1.503183 15.082031
352 13.562565 5.780711 6.461392
353 12.802632 5.342375 5.981430
354 5.127829 3.478471 7.021949
355 4.671118 2.656487 7.362181
356 1.016347 0.961465 13.436858
357 1.998149 1.094063 13.300909
358 13.335775 8.055373 4.790197
359 13.897340 8.157091 3.969041
360 1.924246 12.600343 8.782054
361 1.050122 12.122985 8.871710
362 6.795202 5.014351 15.498694
363 7.543084 5.196524 0.267010
364 7.308184 4.226506 13.312409
365 7.931879 4.737656 12.721030
366 3.944292 7.055326 1.933431
367 3.477788 7.248892 2.796511
368 9.351178 11.402063 7.982940
369 9.328651 11.406163 6.983202
370 3.791817 2.596046 14.596582
371 4.583559 2.146478 15.010143
372 3.598783 11.985129 13.139892
373 3.515881 10.993984 13.036166
374 13.622518 1.042159 6.831581
375 12.650229 0.852434 6.694984
376 1.691523 4.489323 4.441420
377 2.033839 5.345666 4.054773
378 14.056594 3.816853 2.423205
379 0.164653 4.800768 2.437610
380 8.446535 6.263816 2.019807
381 7.465341 6.093370 1.929218
382 9.563356 4.970431 4.551944
383 8.965609 5.378242 5.242153
384 11.068244 7.263721 1.526890
385 11.143693 8.048204 2.142434
386 10.205932 13.291062 2.187740
387 9.795266 0.691210 2.332956
388 1.277005 13.406907 6.573045
389 1.758210 0.783105 6.599853
390 6.984941 2.782499 0.927321
391 6.712827 1.979623 0.396902
392 2.566642 7.330710 1.637850
393 2.524411 8.311303 1.829303
394 10.851793 1.071372 14.258340
395 11.206513 0.959779 15.186629
396 6.361927 3.177923 9.814723
397 6.854779 3.182803 10.684823
398 9.805681 2.087804 12.122260
399 8.817998 1.995013 12.248250
400 6.384045 2.207292 3.944058
401 7.277164 1.760115 3.895369
402 8.030000 1.500000 4.500000
