System Config after 110000 MC cycles:
0 8.967403 6.737375 1.437507
1 8.115646 6.815900 1.955526
2 12.533065 9.485080 12.930173
3 12.246996 8.932146 12.147595
4 5.955660 8.511910 1.108539
5 6.422625 7.898088 0.472012
6 6.250097 4.077292 10.632820
7 6.470851 3.217968 10.171485
8 9.338527 2.563565 12.608556
9 9.905264 3.355214 12.836810
10 7.294498 6.803014 11.544931
11 7.189604 6.768542 12.538817
12 0.495335 10.567732 10.566911
13 0.140879 9.637509 10.471795
14 12.527725 11.307274 0.277781
15 11.945141 11.546925 1.054417
16 1.309879 12.184461 3.943933
17 1.393433 11.453566 4.621289
18 10.208248 9.066194 7.293426
19 9.807335 9.085471 8.209340
20 8.385530 8.065299 4.564801
21 8.162594 8.976417 4.218156
22 4.291349 4.810356 11.288344
23 4.003149 5.099147 12.201329
24 9.098520 12.879620 7.679430
25 9.072357 13.354033 8.559344
26 6.222444 10.870749 8.968874
27 6.399089 10.315433 9.781537
28 4.423654 6.146472 11.590492
29 4.026418 6.167201 10.673010
30 7.142478 11.729644 7.783795
31 7.127403 11.218775 8.643321
32 13.864232 11.506582 5.428592
33 13.358418 11.682161 4.584006
34 11.531968 11.579418 13.771893
35 11.215819 12.288264 13.141348
36 5.774656 6.845982 5.787131
37 5.588173 7.635712 6.371554
38 13.929643 8.976892 8.541882
39 13.717877 9.569236 9.319239
40 2.572634 10.278917 7.486608
41 3.570658 10.219325 7.466695
42 3.536264 5.901501 12.886847
43 4.198476 5.392748 13.436979
44 1.416665 5.319480 2.072326
45 1.395432 4.335211 2.247723
46 11.118491 3.927753 9.156038
47 11.228953 3.667461 10.115228
48 13.871697 10.509874 2.893532
49 0.609008 10.442532 2.307262
50 6.227992 11.854965 13.637030
51 6.707896 11.106500 13.179327
52 5.200100 11.956445 15.011259
53 4.526331 11.636841 15.677508
54 3.874249 0.717989 5.302736
55 4.383945 0.005486 4.820502
56 5.637532 0.418706 0.199179
57 5.813806 0.212158 1.161606
58 5.206567 12.507844 2.877398
59 5.450320 13.470158 2.997966
60 5.793739 5.546358 13.453744
61 6.374003 6.351277 13.577839
62 12.770026 3.596114 12.407139
63 13.496144 3.939197 11.811281
64 13.502026 4.713123 1.738502
65 13.087051 5.545690 2.105419
66 8.699385 11.089652 7.199756
67 7.833651 11.124586 6.700472
68 6.882935 12.181346 4.119919
69 6.966089 11.796646 5.039207
70 0.860848 3.070461 7.795430
71 1.849436 3.125051 7.655022
72 0.666366 1.930222 0.142479
73 1.654858 2.081490 0.143981
74 8.434466 7.065932 14.406993
75 8.028099 6.166771 14.244585
76 1.612181 8.639223 12.090329
77 0.780774 8.389168 12.586549
78 9.990900 12.752529 2.962936
79 9.332048 12.746024 3.715180
80 5.353158 8.393768 8.258198
81 5.986180 8.290973 9.025477
82 8.949665 5.432591 12.490331
83 9.345620 5.528585 11.577092
84 2.804943 12.548950 10.120429
85 1.873804 12.329123 10.411389
86 8.901156 2.332252 14.694690
87 9.227834 2.480277 13.761218
88 5.406245 0.028678 14.107003
89 6.250931 13.471436 13.574811
90 13.888694 0.572433 7.437079
91 14.010592 1.384709 6.866687
92 10.593284 8.769764 14.828781
93 11.396752 8.186869 14.949908
94 2.942221 2.840500 11.855052
95 3.239752 3.660847 12.343421
96 11.496129 2.940111 7.412081
97 10.991778 3.168970 6.579463
98 11.377253 10.108221 13.071134
99 11.170594 9.196857 12.715175
100 7.651460 6.434089 9.674836
101 7.697935 5.436250 9.721298
102 7.195831 4.192122 13.385475
103 6.246768 4.173306 13.070951
104 3.635698 7.046316 0.724477
105 2.841861 6.851211 1.300461
106 13.118605 4.671454 6.783734
107 13.077539 5.415647 7.450434
108 0.385725 11.629286 9.058782
109 0.726237 12.533685 8.801652
110 8.514575 5.894455 6.574166
111 8.285877 6.051470 5.613415
112 3.059200 6.604185 11.916630
113 2.174963 7.061714 12.010396
114 1.048043 6.770440 15.868997
115 0.829702 7.244756 15.016147
116 7.872953 10.559818 2.052603
117 7.522566 11.113670 2.807903
118 7.369928 2.008983 14.052473
119 7.173419 2.945224 14.343743
120 1.244141 6.607009 3.762705
121 1.634080 7.519879 3.641817
122 1.689933 1.813353 3.771067
123 1.840071 2.448714 3.013588
124 11.950272 1.748733 13.190182
125 12.753210 2.213870 13.562925
126 11.155084 12.268468 3.247283
127 10.521403 11.494887 3.251698
128 8.401756 4.954078 0.873875
129 8.928111 5.174693 1.695020
130 5.936199 0.210784 12.198062
131 6.195499 1.169951 12.085100
132 11.413979 5.636875 10.107937
133 12.252341 5.890913 9.625635
134 5.167993 7.683503 12.661040
135 6.001309 8.088558 13.037225
136 7.827928 5.749042 12.755449
137 7.092323 5.073776 12.809317
138 3.194559 11.895809 12.658612
139 4.110283 11.648823 12.975546
140 5.035923 5.157571 5.635530
141 4.692897 5.007778 6.562836
142 2.978440 0.737400 12.060956
143 3.624995 13.491901 12.222814
144 7.008818 3.559665 8.976849
145 7.631206 2.777329 9.001022
146 11.379840 10.299141 6.780549
147 11.617511 11.081923 6.205427
148 11.813044 6.628094 7.926401
149 10.981414 6.522280 8.471558
150 9.249343 7.345390 13.327218
151 8.954309 7.255635 12.375957
152 11.452724 12.455377 5.775780
153 11.420953 12.401407 6.773817
154 1.262983 7.574664 11.584218
155 1.929982 7.366574 10.868808
156 7.258049 9.637251 0.164695
157 6.740755 9.928039 15.229835
158 11.059832 7.342835 1.942927
159 11.280265 6.648011 1.258362
160 9.324494 9.171347 14.904335
161 9.525680 8.219674 14.672295
162 9.560953 11.238708 4.572895
163 10.502605 11.573981 4.602623
164 4.647054 8.328547 4.455345
165 5.403108 7.681126 4.359270
166 9.068869 1.735982 4.290318
167 9.698907 0.969269 4.413622
168 3.273968 6.780242 3.616239
169 3.551449 6.099503 4.294177
170 12.380152 9.281916 7.008477
171 11.615795 8.738273 7.355191
172 4.264505 0.898672 0.427808
173 4.040293 13.498537 0.054330
174 4.916136 8.125782 1.978305
175 5.214819 9.004751 1.606550
176 0.707420 11.981296 11.416631
177 1.347601 11.324838 11.017594
178 12.694978 1.640183 9.916497
179 13.172332 2.409182 10.341671
180 1.003710 1.509429 9.001263
181 0.646831 0.608865 9.249497
182 9.790218 6.704561 9.623680
183 9.957403 6.774635 10.607112
184 13.760853 6.443828 12.528749
185 0.592451 6.229221 12.153164
186 6.789485 4.835501 15.765657
187 7.656729 4.540093 15.364882
188 2.021066 0.635506 8.333576
189 2.702575 0.635817 7.601766
190 3.478734 10.516346 14.361977
191 3.172224 9.564542 14.372942
192 10.232362 0.081915 4.563792
193 9.761554 12.714362 4.724079
194 5.866632 9.188144 10.130684
195 5.944385 8.764036 11.032952
196 10.927934 3.816900 3.796623
197 10.521107 4.147834 2.945168
198 14.015032 4.187538 4.657486
199 0.282667 3.721854 5.475497
200 1.292720 3.711393 9.617699
201 0.966596 4.514257 10.116752
202 3.938199 12.749097 9.257730
203 4.093711 12.114757 10.014980
204 1.575470 7.710162 1.584291
205 1.454749 6.848530 1.091324
206 6.972520 7.541511 3.561490
207 7.330038 6.850079 4.189266
208 8.478935 3.907475 7.466112
209 8.896529 4.666980 6.967346
210 6.533193 5.852049 5.880099
211 6.618640 4.988433 6.376954
212 4.897758 2.215073 13.135945
213 5.536896 1.748078 13.747025
214 12.626282 11.788393 8.128153
215 12.025848 11.375658 7.443223
216 5.152269 4.790496 8.049559
217 5.470563 5.731488 7.934571
218 11.043745 2.729154 3.763961
219 10.317516 2.611444 3.086660
220 5.762646 1.664910 6.860146
221 6.421735 1.138459 7.397224
222 3.343201 5.496099 9.736858
223 2.752935 6.302579 9.702549
224 8.059713 1.221549 3.108936
225 9.029951 1.285813 2.875466
226 11.890733 0.843139 6.303104
227 11.417907 13.497489 6.055491
228 8.163529 4.295613 14.221914
229 7.676297 5.104665 13.893219
230 3.150926 10.240293 2.728111
231 3.026449 11.228675 2.815331
232 10.347949 9.863120 11.503920
233 9.816124 9.673175 10.678642
234 13.808755 2.474695 12.036363
235 12.978966 2.180829 11.561924
236 1.181672 2.035843 13.519039
237 0.777826 2.950212 13.547967
238 4.594601 4.597795 9.077691
239 3.882718 4.266747 9.697070
240 0.557046 12.378679 7.359910
241 0.839243 11.664042 6.719865
242 3.202836 1.444833 6.567435
243 2.779128 2.055801 5.898713
244 7.483681 11.391335 9.629381
245 7.700409 11.051897 10.544701
246 10.017501 10.925850 9.940010
247 10.776242 10.782130 9.304670
248 1.291832 0.172983 5.112321
249 0.472129 13.300546 5.547498
250 2.887795 3.082623 15.263198
251 3.730057 2.545660 15.310803
252 7.673449 9.818067 11.736196
253 7.461829 10.491502 12.444506
254 3.660945 7.842278 10.131693
255 3.478349 7.135825 9.447893
256 4.910466 11.340006 1.680895
257 4.678019 12.255405 1.352240
258 11.437527 6.576926 3.132571
259 11.517311 6.087203 4.000791
260 4.048200 7.816742 13.220405
261 3.799802 7.716974 14.183912
262 4.153268 1.236721 2.323149
263 3.188902 1.424584 2.509446
264 8.596881 9.811375 14.205939
265 7.787765 10.323475 14.494182
266 2.548681 9.854373 12.565143
267 2.999138 10.744925 12.628431
268 8.421481 1.541385 0.843438
269 8.376814 2.453666 1.250558
270 13.165973 4.850671 13.985936
271 12.665612 4.222372 13.390218
272 12.648907 7.559775 11.992847
273 12.698727 6.833520 11.307230
274 9.274830 5.407333 15.650326
275 9.883903 5.995201 0.312687
276 1.182465 6.129020 14.732449
277 1.726915 6.316958 13.914981
278 6.051986 9.407142 14.725342
279 6.286522 10.251276 14.243231
280 0.206464 2.038646 9.338171
281 0.960202 2.597624 8.992596
282 1.922159 1.530673 12.690521
283 1.014876 1.410545 12.287522
284 8.888556 0.076515 12.500410
285 8.909226 1.062886 12.337178
286 7.143095 8.335251 10.654473
287 7.807935 8.933194 11.102191
288 9.452230 7.574942 0.236453
289 8.498191 7.600961 15.807932
290 4.327867 2.151647 3.277229
291 5.193097 2.580188 3.537478
292 7.888700 2.708389 6.657822
293 7.776503 1.883425 6.103886
294 5.851565 3.059132 12.737425
295 6.121468 3.108191 11.775788
296 10.273058 9.144509 5.460042
297 9.551259 9.098268 6.150599
298 9.764350 12.194327 8.060384
299 10.445146 12.926302 8.033348
300 5.031424 4.909468 1.983041
301 5.137471 4.998324 0.992658
302 2.408558 11.333337 0.400841
303 1.421557 11.181615 0.453849
304 7.343342 2.853854 3.049841
305 6.508923 3.264030 3.417947
306 4.294869 9.841031 4.228124
307 3.953246 10.494172 4.903920
308 13.665342 9.528777 3.771609
309 13.156238 8.840424 4.288312
310 5.868255 9.692779 2.680483
311 5.618367 8.990227 3.346798
312 8.310518 13.284541 3.078751
313 7.566008 0.292564 2.645604
314 6.890499 11.813795 2.376903
315 6.137811 11.240812 2.052635
316 10.179873 4.651516 9.228953
317 10.081896 5.604372 8.941784
318 5.590923 11.584694 6.054606
319 5.373430 10.691365 5.661338
320 7.399368 0.048463 5.452778
321 7.140490 0.929502 5.848700
322 6.912734 1.945343 8.855357
323 6.203168 1.459211 9.365447
324 9.137667 12.204943 10.647561
325 8.443648 11.774396 11.224595
326 13.140290 7.595066 4.630488
327 13.977128 7.977764 4.239024
328 8.302557 5.606111 8.626819
329 8.555593 6.556225 8.809182
330 7.149508 0.430915 11.389397
331 6.903690 13.432098 12.220514
332 12.646256 1.022038 4.783955
333 12.832487 0.886484 5.757065
334 6.849582 4.184378 12.027655
335 7.307647 4.029066 11.152410
336 6.659320 10.555207 5.167666
337 6.010773 11.292647 4.979066
338 0.695745 3.325620 1.055204
339 1.485764 3.417095 0.448984
340 12.974187 5.220623 0.547374
341 13.020549 4.959067 15.453331
342 1.959624 2.121787 8.353931
343 2.908841 2.139930 8.668030
344 6.448819 9.924936 1.338845
345 6.928920 10.797107 1.244925
346 6.159629 1.684251 5.350012
347 6.583628 1.784601 6.250098
348 12.624713 0.000701 12.716949
349 13.197061 0.783591 12.960880
350 3.571629 10.332540 5.996299
351 2.837108 9.771402 5.614721
352 0.073133 0.378313 10.951832
353 13.645787 1.244587 10.904760
354 3.546451 10.478850 0.819344
355 4.097530 9.672463 1.033943
356 8.891144 5.615299 10.108400
357 8.372607 5.585130 10.962923
358 6.665742 12.885641 0.993258
359 6.499140 11.899619 0.995490
360 10.988307 6.568171 12.240536
361 10.266572 7.184679 12.555203
362 5.601614 12.718709 1.315104
363 6.242615 13.140912 1.956089
364 11.850157 1.273865 1.080835
365 11.415241 1.582647 0.234962
366 11.155934 13.388276 2.636327
367 11.483299 0.399705 3.430854
368 11.965979 3.182948 14.647639
369 11.830840 4.042232 14.154315
370 3.257297 8.961769 1.727193
371 3.538968 8.641502 2.631676
372 0.313932 9.232052 0.234250
373 0.220377 9.916341 0.957434
374 10.268839 11.880104 11.414157
375 10.741513 12.251462 10.614987
376 11.700530 6.296680 6.204899
377 11.881181 5.934166 5.290596
378 13.690265 7.791273 0.641063
379 0.011079 7.984442 1.541036
380 2.291513 12.715280 4.167531
381 1.922628 12.856690 3.248876
382 12.113324 8.186733 3.138748
383 11.116436 8.152406 3.067782
384 5.213068 3.280159 1.020110
385 5.971076 3.193424 1.666562
386 6.712797 1.381922 0.235400
387 6.126464 1.850595 0.896126
388 2.182964 8.818309 0.725997
389 2.364918 7.860203 0.947189
390 4.926132 8.080665 14.233725
391 4.855233 7.118704 14.497550
392 12.004963 2.104736 1.724297
393 11.663292 1.812162 2.617415
394 6.233185 0.372484 10.204614
395 6.879147 1.135474 10.180547
396 1.264955 0.407621 13.713035
397 1.224134 13.035006 14.199734
398 13.959614 4.056840 9.066945
399 13.689630 3.730501 9.972822
400 7.811830 1.829667 4.504128
401 8.656774 2.157087 4.081203
402 8.030000 1.500000 4.500000
