System Config after 200000 MC cycles:
0 2.882210 0.690722 7.910752
1 2.689999 1.090902 8.806805
2 2.888876 1.723394 8.058205
3 2.025294 1.696343 7.554722
4 1.702781 0.874052 8.023574
5 5.510203 9.444855 3.680878
6 4.931090 9.105838 2.939463
7 4.293887 9.024733 2.173046
8 4.850031 8.366294 1.665936
9 4.494498 7.769459 0.946642
10 7.227562 9.508422 2.142014
11 7.497657 10.287650 1.576459
12 7.365862 9.654005 0.814144
13 7.852672 9.820722 10.654089
14 8.702939 10.079304 10.195635
15 9.434232 8.828560 0.824879
16 0.141377 9.046063 0.173763
17 9.407479 9.012647 10.215017
18 8.674926 9.077698 0.195216
19 8.431213 8.110480 0.266581
20 7.118553 3.153594 1.056320
21 6.996186 2.926941 2.022579
22 7.888722 3.282820 1.745576
23 7.580197 3.461812 2.679800
24 7.096348 2.703402 3.116498
25 0.024371 0.206368 0.653330
26 9.441718 9.867691 0.192054
27 9.490094 0.428028 10.403841
28 9.953647 0.428745 9.517772
29 0.189307 10.037528 10.180660
30 0.177249 5.974333 0.405698
31 0.592054 6.086369 10.200106
32 1.342442 6.719840 10.388871
33 2.054752 6.084597 10.687337
34 1.861461 6.515389 0.871450
35 4.923862 0.546110 0.253220
36 5.916176 0.618952 0.153187
37 5.502199 10.022411 0.200796
38 5.825700 9.079188 0.125449
39 5.156902 9.101070 10.079722
40 5.368286 7.012632 0.634364
41 4.790502 6.866085 1.437290
42 3.844284 7.161677 1.568808
43 4.026322 7.725670 2.374274
44 3.620604 8.357341 1.713680
45 4.038648 1.052942 2.239789
46 3.378923 0.384971 2.584138
47 3.573380 0.102041 3.523359
48 4.395211 0.429902 3.989301
49 4.354683 1.233848 3.395982
50 4.497273 1.939088 2.535569
51 5.265648 1.589154 1.999709
52 5.344049 1.541353 2.995484
53 5.098560 0.593609 3.199242
54 4.399950 0.074623 2.706701
55 0.239117 3.389363 10.526491
56 0.078421 4.370524 10.633723
57 9.931403 5.236809 10.162921
58 9.613262 6.175362 10.296734
59 9.057361 6.761242 9.707057
60 2.176674 5.221884 10.017684
61 2.717327 5.467450 9.213077
62 2.642188 5.562605 8.220455
63 2.061519 6.218462 8.702818
64 1.768071 6.173110 9.657717
65 5.659662 5.695337 9.479414
66 5.592803 4.711760 9.647062
67 5.619506 4.055618 8.892897
68 6.239695 4.630937 8.359631
69 6.175071 5.624075 8.457095
70 4.937541 7.988060 9.963996
71 5.934343 8.062984 9.936190
72 5.776187 8.586232 9.098814
73 5.031684 9.233677 8.935934
74 4.688598 9.882249 9.615380
75 8.517365 6.019732 10.286207
76 7.634318 6.147731 9.834716
77 8.361080 5.932590 9.182388
78 7.836889 6.763362 8.995191
79 8.127360 7.113740 9.885619
80 0.286063 8.137816 0.920597
81 0.463979 7.851700 1.862130
82 0.996488 8.188450 2.638682
83 0.745435 9.095053 2.299504
84 0.041299 8.761061 1.672893
85 6.511947 0.190990 0.947547
86 6.143751 10.233205 1.837141
87 5.276000 10.025334 2.288581
88 5.892795 10.175257 3.061296
89 6.488823 9.392914 2.880496
90 0.542306 1.479434 8.539996
91 0.595947 1.412383 9.536302
92 1.485480 1.310274 9.090988
93 1.524268 1.237838 10.087607
94 1.161740 0.446826 10.580428
95 2.174526 1.527822 2.717199
96 2.558040 0.712687 3.151332
97 3.302105 1.377013 3.080356
98 2.661291 2.003695 3.523782
99 2.668270 2.636867 4.297761
100 2.234519 9.269382 7.566692
101 2.433365 9.688584 8.452542
102 3.283539 10.202016 8.569126
103 3.849876 0.700748 8.714606
104 4.453450 10.219272 8.641813
105 8.221215 1.249644 3.943424
106 9.192720 1.303290 3.712554
107 9.849047 1.463076 2.975192
108 0.175856 2.358801 3.253399
109 9.638247 3.182558 3.150946
110 6.776775 6.207286 9.090197
111 6.306269 6.330143 9.963999
112 6.027107 7.112948 10.520132
113 6.660638 7.872611 10.666935
114 7.000571 7.116432 10.107795
115 2.711730 4.009621 1.172076
116 1.963149 4.666734 1.260553
117 1.940640 4.098584 2.083169
118 1.571192 3.524644 2.813991
119 0.649198 3.162168 2.677835
120 0.647711 3.199682 0.799979
121 1.348536 3.684670 1.323077
122 0.945472 4.590399 1.454210
123 0.142377 4.081003 1.145092
124 0.272331 5.004984 0.785412
125 7.050800 5.282045 2.787643
126 7.547755 4.598250 2.253358
127 7.915572 5.528132 2.258794
128 7.125580 5.530373 1.645680
129 7.642362 4.771477 1.249432
130 9.628317 7.620157 9.261661
131 0.062313 6.898661 8.738850
132 9.496868 7.033661 7.939457
133 8.715263 6.410256 7.960903
134 8.792215 7.085089 8.694850
135 4.979811 5.450403 0.124436
136 5.950848 5.641276 10.678113
137 5.345907 6.370839 10.359078
138 5.260710 7.030597 9.612445
139 4.946384 6.294894 9.012496
140 3.423223 5.202815 1.581598
141 3.515334 5.993214 2.187226
142 3.760625 6.123884 1.226624
143 4.152086 6.852071 0.664040
144 4.703886 7.159815 10.586315
145 9.477247 3.587396 0.534030
146 8.694650 3.257584 1.062013
147 7.899796 3.802590 0.795225
148 8.324073 4.192288 10.675231
149 9.077431 4.772913 0.286583
150 9.604438 10.295390 7.241327
151 9.362735 0.707262 7.886977
152 8.797694 1.305180 8.455503
153 9.644961 1.765498 8.190465
154 0.199645 2.376414 7.645928
155 3.653257 7.104102 10.516002
156 4.043903 8.013504 10.658777
157 3.405655 7.744397 0.682646
158 2.496044 7.501076 0.345891
159 2.832408 6.567976 0.473108
160 1.931163 5.659179 1.699009
161 2.676105 5.733670 1.036050
162 2.696772 5.174705 0.207116
163 3.022393 5.780893 10.178903
164 3.766047 6.089809 0.074425
165 3.757821 4.822960 10.202187
166 3.723593 4.606885 9.226410
167 3.336748 3.791152 9.656445
168 2.903388 4.324533 10.382878
169 2.121277 4.350254 0.308090
170 0.703781 7.800607 7.972706
171 0.771024 8.243793 8.866611
172 0.388393 8.081626 9.776169
173 0.909003 8.391598 10.571707
174 1.566541 8.131415 0.581382
175 6.850655 6.593838 2.244469
176 7.269167 7.210391 2.911334
177 7.543476 6.398740 3.427063
178 6.906791 6.531838 4.186613
179 6.583271 5.919636 3.465126
180 2.765828 8.626304 0.280941
181 3.125050 9.161523 1.045467
182 4.116308 9.030098 1.033832
183 4.815704 8.761810 0.371362
184 5.413367 7.970913 0.239904
185 3.555792 3.898773 0.619545
186 3.690067 4.886485 0.539572
187 4.403295 5.284179 1.116760
188 4.420002 4.296134 0.963499
189 4.518287 3.533960 0.323632
190 2.917732 6.686849 1.724387
191 2.152964 6.800816 2.358533
192 2.569494 6.072222 2.902274
193 1.908235 5.323733 2.952287
194 2.600565 5.099496 2.266431
195 8.309612 9.393277 2.238269
196 8.709538 8.530780 1.928176
197 7.799239 8.214895 2.195705
198 7.414118 7.374136 1.815170
199 7.626791 7.624808 0.870747
200 7.015386 0.310797 2.477491
201 6.619972 0.691229 3.313505
202 6.006508 0.822883 2.534834
203 6.448467 1.483923 1.928453
204 6.120938 2.333095 2.342738
205 6.673166 3.331541 4.306145
206 6.615066 2.385942 3.986039
207 5.881072 2.621698 4.622964
208 5.766705 1.696734 4.985404
209 4.946015 1.180164 4.741226
210 1.328886 2.296440 3.368320
211 0.759150 1.508042 3.600330
212 0.642918 0.623878 4.052817
213 0.468073 0.470813 3.080191
214 0.883057 10.070856 2.514336
215 9.523788 2.435126 1.206891
216 0.463988 2.193769 1.347467
217 0.192603 3.054067 1.779019
218 9.808199 2.283783 2.272090
219 0.722158 1.972644 2.447910
220 0.752930 2.947489 4.965577
221 0.643391 2.980596 3.972146
222 0.797079 3.818164 3.447875
223 1.188046 4.544719 2.882843
224 1.091989 5.364904 2.318865
225 8.426748 2.508423 5.714588
226 7.999888 3.407179 5.814728
227 7.297464 3.835196 5.246044
228 6.914097 4.343989 4.475227
229 7.907402 4.297313 4.369559
230 4.286199 0.548319 9.665601
231 4.048587 0.158766 10.555426
232 4.027240 0.929746 0.494533
233 4.356628 1.401230 1.312583
234 5.299254 1.522849 1.001674
235 8.349132 0.206859 2.147964
236 9.163194 0.325551 1.579444
237 9.443205 9.679209 1.532383
238 8.576770 9.750190 1.038164
239 8.698991 0.222345 0.430398
240 3.686460 3.180595 4.512575
241 3.401969 4.137421 4.572143
242 3.785661 4.959852 4.992129
243 4.158822 5.886429 4.945161
244 4.079329 6.133724 5.910835
245 8.760552 4.421306 2.355054
246 8.621522 3.656721 2.984403
247 8.052166 4.435794 3.246850
248 8.907129 4.508372 3.760435
249 8.845812 3.537612 3.992525
250 4.450416 6.398415 2.299515
251 4.730765 5.970431 3.158721
252 5.545890 5.999831 3.737258
253 4.945435 5.531622 4.385512
254 4.386162 5.080913 3.689757
255 7.720054 5.883741 5.901415
256 8.435439 5.837576 5.204211
257 8.478794 5.149096 4.480253
258 9.465368 5.225273 4.624711
259 0.264878 5.795714 4.679489
260 0.309674 6.245504 5.722753
261 9.471610 5.783615 5.498291
262 9.086204 6.691094 5.665454
263 8.256893 7.012872 5.208615
264 8.190630 7.455924 4.314571
265 6.660572 5.109382 0.605898
266 5.991542 4.534150 0.135253
267 6.522182 3.979496 0.776174
268 6.759503 4.217950 1.717885
269 6.128954 4.973386 1.539770
270 4.659689 5.455055 9.756188
271 4.241303 6.362200 9.801370
272 3.704158 5.608673 9.422330
273 3.247696 6.249572 8.805165
274 4.053934 5.817692 8.400862
275 4.350161 3.534339 8.738765
276 4.337957 3.927759 9.658043
277 4.667999 4.370741 10.491613
278 5.330713 3.777555 10.034512
279 5.801227 2.897012 10.091617
280 3.702972 7.557234 4.678738
281 2.898906 8.107128 4.452695
282 3.609566 8.680893 4.045562
283 3.968601 8.043202 3.364060
284 4.908570 8.097183 3.027099
285 3.802030 10.152161 4.558145
286 4.328834 9.683872 3.848791
287 4.773441 8.805911 4.026298
288 4.788885 7.870907 4.380599
289 5.177623 7.227850 3.720780
290 0.140791 0.656743 1.618485
291 1.006883 0.837153 2.084679
292 1.967285 0.558973 2.100282
293 1.806461 10.042381 1.564799
294 2.124973 9.231741 1.073460
295 3.110049 0.008391 1.075074
296 3.155295 0.957730 1.386054
297 4.007536 0.435659 1.419629
298 4.889581 0.575066 1.869699
299 5.542639 0.374588 1.139409
300 3.994210 2.047545 3.904668
301 3.865740 2.957931 3.511358
302 3.428542 2.359082 2.840360
303 4.065856 3.061447 2.523319
304 4.239180 3.513699 1.648433
305 6.822909 1.730612 2.993283
306 7.819040 1.719748 3.080487
307 8.052051 2.285038 2.289189
308 8.897757 2.798435 2.143570
309 9.296909 3.667595 1.851615
310 7.604225 0.501458 3.439809
311 8.152477 10.054026 3.090634
312 9.016865 10.132868 3.587239
313 8.813386 0.395426 4.379643
314 9.775265 0.138370 4.286309
315 9.356469 0.722200 2.515725
316 9.881417 10.189554 2.414936
317 9.289419 9.422760 2.663060
318 10.002671 8.746033 2.845574
319 9.498512 8.026180 2.368463
320 8.413532 0.968737 10.493905
321 8.437760 1.960159 10.365468
322 9.225643 2.472360 0.009967
323 0.113917 2.285435 0.384263
324 0.983927 1.895255 0.082862
325 9.535010 3.720996 8.958434
326 8.782481 3.065528 9.022165
327 9.050494 2.103300 9.069988
328 8.133552 2.332957 8.743682
329 7.987442 1.699473 9.503517
330 0.377348 1.150006 0.360419
331 0.970416 1.302801 1.150941
332 1.843104 1.479492 1.606129
333 2.504226 2.176898 1.329465
334 1.779080 2.171234 0.640894
335 6.437696 1.358129 5.648251
336 6.691690 0.807949 4.852770
337 6.311788 1.379431 4.125390
338 5.384521 1.732536 4.000915
339 5.003784 2.647857 4.132164
340 1.518204 4.096505 4.493093
341 1.999990 3.411078 3.947133
342 2.284495 3.499143 4.901755
343 2.577204 4.432571 5.109199
344 2.144201 4.979848 4.392962
345 6.081018 3.442834 2.369613
346 5.087362 3.356158 2.297959
347 4.964563 4.248392 2.732515
348 5.908046 4.567975 2.644729
349 6.834638 4.299525 2.908095
350 4.968970 3.495317 5.001044
351 5.768028 3.774554 4.468565
352 5.969664 4.003878 3.516329
353 5.897608 3.006483 3.513099
354 5.289137 2.533000 2.876250
355 9.133584 5.774933 0.454516
356 8.927074 6.702982 0.764481
357 8.015967 6.627861 0.359214
358 7.054605 6.747922 0.606938
359 7.074156 5.987560 10.655128
360 6.551235 8.094623 4.807010
361 6.611169 7.485022 5.597450
362 7.130221 6.711487 5.233818
363 6.537466 5.911981 5.330935
364 6.760881 5.192142 5.988140
365 3.949428 5.166523 2.728218
366 4.834752 5.411278 2.332875
367 5.161516 5.850182 1.495864
368 5.767473 6.607998 1.737795
369 6.421254 6.092908 1.183490
370 1.457637 2.684684 2.096399
371 2.314614 2.699659 2.611536
372 2.917255 3.241127 3.197742
373 3.128705 4.168628 3.506012
374 2.182427 4.339022 3.231198
375 7.966870 6.517279 2.445778
376 7.954876 6.458947 1.447552
377 8.062876 5.695864 0.810339
378 8.838608 5.353546 1.340488
379 8.630162 4.392266 1.160235
380 6.790009 8.159611 2.231078
381 6.257022 7.435975 2.669571
382 5.727458 7.705832 1.865369
383 5.283201 7.118358 2.541764
384 5.841537 6.323437 2.779169
385 9.166118 5.428057 2.455866
386 9.009545 6.212438 1.855673
387 9.471364 7.076132 1.653791
388 8.495140 7.262540 1.764420
389 8.964541 7.883499 1.136669
390 1.071769 5.552861 6.022256
391 1.361130 6.506615 5.940865
392 0.816368 6.216446 6.727653
393 1.467410 5.604324 7.176486
394 1.626919 5.061413 8.000989
395 8.130255 8.723639 1.056353
396 7.172393 8.541966 1.278830
397 7.330483 8.708982 0.305632
398 6.903169 8.739148 10.099428
399 7.609686 8.054374 10.278080
400 5.152816 2.530774 5.377113
401 5.010548 1.590495 5.686363
402 4.145586 1.093783 5.757898
403 3.556720 0.835498 6.523749
404 3.655261 1.211098 7.445277
405 7.732880 2.679095 9.665146
406 6.853661 2.208920 9.588267
407 6.358950 1.859500 10.383984
408 5.507147 1.349629 10.263717
409 4.513440 1.323519 10.372644
410 2.360252 0.962939 6.643590
411 2.188042 0.127187 7.164995
412 2.649728 10.223238 6.304765
413 3.305805 9.512362 6.051352
414 2.371351 9.237324 6.277514
415 0.013668 3.823973 7.808205
416 9.848337 3.982254 6.838360
417 9.033509 4.405762 6.442513
418 8.695112 3.861011 7.209802
419 7.905885 3.269181 7.045913
420 1.720613 7.764238 7.577385
421 1.501098 8.582507 8.108656
422 1.360211 8.816408 7.146658
423 0.407728 8.524509 7.233672
424 0.309638 9.474027 6.935689
425 9.104860 2.564326 3.859800
426 8.275882 2.662134 3.309138
427 8.829070 1.895573 2.982995
428 8.375084 1.246840 2.372224
429 8.595421 0.684703 3.169377
430 1.031678 2.974207 7.512770
431 0.791563 3.672757 6.838698
432 0.856500 2.934722 6.167067
433 0.130592 3.583092 5.937556
434 9.216883 3.233440 5.860544
435 5.509751 4.990354 3.653841
436 6.332006 5.154431 4.198795
437 7.289858 5.135677 3.912145
438 7.400067 5.692740 4.735270
439 7.942228 6.466184 4.406873
440 6.717850 4.641995 6.899303
441 7.381387 4.217423 6.283303
442 6.416391 4.245982 6.022600
443 5.533029 3.835687 5.796039
444 4.854747 3.488982 6.443905
445 6.817725 5.329826 9.589366
446 7.145170 5.049541 8.687025
447 7.119975 5.318937 7.724325
448 6.954649 6.280768 7.942381
449 7.840382 5.996360 8.309245
450 5.043332 3.545005 3.527602
451 4.179068 4.044732 3.585233
452 4.763704 4.323983 4.346955
453 4.788466 4.507863 5.329592
454 5.635839 4.834467 4.910917
455 8.409021 8.753905 9.938789
456 8.979644 7.938585 10.036990
457 9.512778 7.887006 0.184053
458 9.954161 7.045781 0.496339
459 0.892227 7.290317 0.645714
460 1.214718 6.475584 4.478459
461 1.842172 6.056252 5.134556
462 2.018814 5.224391 5.660678
463 2.963893 5.518159 5.517407
464 3.085956 5.750503 6.482351
465 7.299598 3.711052 3.613050
466 7.665406 3.190532 4.384569
467 7.233430 2.407587 4.832224
468 7.640578 2.194984 3.943950
469 8.223279 2.126177 4.753719
470 0.348863 6.524973 3.963339
471 0.856876 6.736070 3.128257
472 1.189420 7.194275 2.303962
473 1.973361 7.792475 2.470078
474 2.866235 7.701072 2.029146
475 8.616868 0.159634 6.869608
476 8.113742 0.162820 6.005400
477 8.579524 10.106485 5.201032
478 8.432158 0.781898 5.249106
479 9.355263 0.508130 5.519160
480 1.240233 10.127063 3.784736
481 2.216410 10.256174 3.959119
482 2.948737 9.614220 4.186259
483 2.906377 9.735534 3.194549
484 3.786245 9.287999 3.034717
485 7.609978 9.190906 3.595539
486 7.722895 8.201155 3.508114
487 7.785075 8.515798 4.455285
488 7.536734 7.760159 5.061369
489 7.662862 7.706929 6.051954
490 3.886208 1.054225 4.704331
491 3.010853 0.586006 4.583815
492 2.926934 1.581154 4.532448
493 2.172058 1.235872 3.974827
494 1.502384 0.743509 3.418845
495 9.926991 2.572481 5.417009
496 9.916920 2.256514 6.365725
497 9.711427 1.559384 7.052590
498 9.627015 0.709889 6.531790
499 0.447378 1.246978 6.458815
500 1.841752 8.974311 2.467563
501 2.725200 9.006348 2.000130
502 2.472487 8.323280 1.314889
503 2.148484 7.381076 1.400167
504 1.527748 8.142128 1.588544
505 3.576954 0.159261 5.678428
506 4.438793 10.104932 5.328186
507 4.368433 9.253942 5.848634
508 4.660415 8.694784 5.072690
509 5.653450 8.794836 5.010469
510 3.573286 8.983431 5.025355
511 2.573333 8.985815 5.015905
512 2.601841 9.944605 5.298586
513 2.435043 0.591134 5.527588
514 1.638861 1.035748 5.937970
515 1.806710 2.993496 5.754334
516 1.705315 3.070030 6.746232
517 2.241037 3.888658 6.539230
518 2.677869 4.739719 6.247899
519 2.254614 4.838212 7.148540
520 2.898716 1.486380 5.744942
521 2.769764 2.355943 5.268255
522 3.007178 2.823170 6.119920
523 3.699779 2.121724 6.288076
524 4.380047 1.528188 6.718136
525 7.784184 4.703199 5.489424
526 8.704628 4.434197 5.205838
527 9.682873 4.228223 5.230553
528 9.777686 3.345927 4.769505
529 8.822755 3.096873 4.930992
530 1.757398 4.180321 5.701476
531 1.238798 4.816179 5.129865
532 0.841784 3.906614 5.252632
533 0.503779 4.480658 4.506826
534 9.897828 3.976491 3.911846
535 2.875089 1.899793 6.921093
536 2.020936 1.958681 6.404416
537 1.087291 1.990778 6.761175
538 0.999261 1.502094 7.629183
539 1.227000 2.274816 8.221666
540 0.998742 5.777071 3.422405
541 1.890583 5.835295 3.870991
542 2.761480 5.992201 4.336737
543 3.209701 5.113814 4.170807
544 2.974778 5.179977 3.201047
545 1.501220 2.591492 4.333162
546 1.767952 2.076552 5.147834
547 1.275599 1.395685 4.605609
548 0.704115 1.962691 5.198830
549 0.266141 2.040597 4.303224
550 5.558564 7.868641 5.385040
551 5.626805 7.884413 6.382584
552 6.533023 7.555575 6.648355
553 6.628157 6.612653 6.329219
554 7.418297 7.015723 6.790970
555 9.863450 4.888431 1.693908
556 0.270776 4.291951 2.373324
557 9.540614 4.571744 2.972468
558 0.276798 4.969862 3.491782
559 1.194377 4.903509 3.883759
560 9.831644 6.387808 6.609032
561 9.579354 6.071092 7.523385
562 0.325539 5.428867 7.500851
563 9.989341 5.027429 6.657067
564 0.225216 4.970731 5.692021
565 6.034928 2.946216 1.454465
566 5.046883 2.948163 1.300311
567 5.532365 3.073368 0.435076
568 5.467428 3.993856 0.820412
569 5.183612 4.311920 1.725002
570 3.969973 8.831848 7.258554
571 3.241365 9.508633 7.363868
572 2.897238 8.616266 7.071879
573 3.582158 7.890854 7.140156
574 3.778747 7.137929 6.512098
575 9.671568 6.527655 3.195053
576 0.020426 7.206433 2.560070
577 0.209585 7.584300 3.466400
578 9.316701 7.290451 3.749764
579 8.975326 8.123593 3.314634
580 9.937386 9.610687 3.528238
581 0.835542 9.290316 3.295100
582 1.071897 8.601858 3.980783
583 1.488355 9.324136 4.532940
584 0.561459 9.691047 4.453949
585 7.021673 0.890069 7.504745
586 6.909112 1.228197 6.570401
587 7.385918 0.833467 5.785007
588 7.662371 1.790866 5.701578
589 7.920596 2.256347 6.548128
590 8.854443 2.711229 6.639291
591 9.484404 3.152879 7.278114
592 9.417476 2.848782 8.228401
593 8.603822 2.778091 7.651366
594 8.660860 1.845305 7.295475
595 5.777913 0.398046 4.127973
596 6.225224 9.901519 4.509272
597 6.919171 9.894425 3.789281
598 7.348279 9.562421 4.629305
599 7.721886 0.163951 4.787311
600 9.060610 0.372711 9.030313
601 8.707786 9.749827 9.054235
602 8.695808 10.211784 8.167414
603 8.290009 0.728269 7.782563
604 7.928024 1.145209 6.948819
605 7.465604 9.628663 8.387838
606 6.578710 10.000336 8.113468
607 5.740922 9.608328 7.733415
608 5.365704 9.115783 6.948169
609 5.438841 8.855608 5.985381
610 5.840508 5.264318 7.513711
611 5.605912 4.584440 6.818922
612 5.857602 3.700337 7.212641
613 5.179892 2.992117 7.410463
614 4.764591 2.495035 6.648601
615 9.101594 1.656252 6.178741
616 9.203754 1.896926 5.213526
617 9.622342 1.196408 4.635549
618 0.082879 1.216425 5.512295
619 0.617355 0.480241 5.097122
620 2.302079 2.314126 8.710109
621 2.482657 2.829759 7.872544
622 2.915318 3.382425 7.160249
623 3.625043 4.069265 7.316907
624 4.240974 3.345875 7.628893
625 0.336658 4.446302 9.291080
626 0.778808 4.254625 8.414860
627 0.435919 5.186419 8.533974
628 1.008639 5.878642 8.094863
629 1.359789 5.525785 8.962149
630 9.482903 9.955288 6.100150
631 9.166855 9.300395 5.413689
632 9.398929 9.483185 4.458320
633 8.860955 8.648302 4.341900
634 8.689158 9.082012 3.457377
635 6.168664 0.581647 8.552436
636 5.394249 0.197464 8.049759
637 5.718094 9.970035 8.826677
638 6.235202 9.484178 9.531334
639 5.796040 0.043158 9.749647
640 3.979628 1.640626 8.339737
641 3.625515 2.533747 8.062359
642 3.620903 2.891311 8.996236
643 2.786227 2.741029 9.526078
644 2.363998 1.838536 9.611098
645 6.411880 3.268594 8.008559
646 6.878125 3.781469 8.729375
647 7.256916 2.856024 8.737764
648 6.286674 2.682164 8.906296
649 5.491391 3.100491 8.467515
650 7.010421 7.857168 9.229492
651 6.332547 7.124979 9.295721
652 6.121540 7.639487 8.464602
653 5.819675 6.687923 8.522941
654 5.329640 6.174727 7.818316
655 5.972454 5.679668 6.559694
656 5.577714 6.592439 6.664706
657 5.641252 6.658759 5.668933
658 5.278586 7.037921 4.817634
659 5.989541 6.361534 4.625167
660 4.777205 7.057878 6.198836
661 4.413921 7.784222 5.615356
662 4.330050 6.864384 5.232129
663 4.497837 6.674641 4.264738
664 3.880667 6.044537 3.793496
665 7.088370 7.563582 4.106072
666 6.149886 7.219873 4.072709
667 5.739640 8.067749 3.736848
668 6.638305 8.144589 3.304994
669 6.511454 8.788389 4.059601
670 0.028521 8.696669 3.959662
671 0.094175 8.892511 4.938097
672 9.716645 8.015813 4.667226
673 9.877747 7.110013 5.059108
674 9.268106 6.567866 4.480822
675 6.845563 8.232847 7.399021
676 6.272596 8.678264 6.711044
677 6.325712 8.459126 5.736797
678 6.401458 9.423978 5.485155
679 6.644552 0.077965 5.567674
680 2.656152 10.030275 2.158927
681 1.957313 10.136660 2.866250
682 1.853514 9.331134 3.449647
683 2.564113 8.656510 3.649478
684 3.157447 8.440625 2.874012
685 3.840622 9.412795 9.100816
686 3.449244 9.984821 9.821656
687 2.449708 10.011183 9.806440
688 2.767166 9.122298 9.476131
689 2.362234 8.636520 8.701503
690 4.081560 2.394802 4.998451
691 4.220031 2.866510 5.869266
692 3.784269 3.576528 6.422426
693 3.665420 4.433226 5.920487
694 3.137111 3.690429 5.509218
695 8.232887 9.453848 6.525737
696 7.505322 8.847261 6.846205
697 6.928500 9.229481 7.568136
698 7.449032 10.058599 7.364153
699 7.111752 0.151051 6.514297
700 2.608159 6.912484 8.165362
701 2.153565 7.563425 8.773325
702 1.491041 7.693569 9.510972
703 2.269111 7.250525 9.956301
704 2.347105 8.247177 9.980839
705 1.715949 8.134366 4.918302
706 0.855894 8.394365 5.357286
707 0.857283 7.394831 5.326794
708 0.720644 7.439298 4.337172
709 1.216922 7.609090 3.485774
710 7.409444 1.183697 10.184923
711 6.904652 0.327478 10.075044
712 6.843266 9.761925 10.549654
713 7.404131 9.685845 9.725249
714 7.930051 0.223776 9.712058
715 7.077411 4.468203 10.645812
716 7.712316 4.553097 9.877900
717 7.754059 3.751857 9.281015
718 8.186327 4.511116 8.794527
719 9.007530 4.324632 8.255221
720 0.454436 0.114963 6.072742
721 1.372373 10.253094 6.429094
722 1.418526 0.758071 7.003203
723 0.465404 0.466993 7.085850
724 0.725120 0.254631 8.027896
725 9.044255 1.217443 9.645704
726 9.405477 1.450036 10.548710
727 9.775991 1.966000 9.776376
728 10.009519 2.459569 8.938608
729 0.432523 3.324852 8.704017
730 0.915501 4.728959 7.069199
731 1.529134 4.036446 7.448515
732 2.382783 3.851068 7.935257
733 3.008230 4.629315 7.991353
734 3.282168 3.815418 8.503728
735 9.158487 5.159263 7.371222
736 8.712355 5.317686 8.252056
737 8.114560 5.147093 7.468769
738 7.718057 4.283691 7.780734
739 8.135985 3.581537 8.357203
740 5.019056 5.821265 5.656066
741 4.570227 5.069760 6.139586
742 4.617805 4.375791 6.858017
743 3.786179 4.927573 6.795305
744 3.493255 5.482747 7.573751
745 7.344206 0.413095 0.313400
746 7.478211 1.350454 0.634960
747 6.485754 1.317879 0.753148
748 6.382923 2.309353 0.673116
749 7.110415 2.077570 1.318897
750 1.856366 2.545974 10.259548
751 1.542044 3.127952 9.509545
752 1.024861 2.325183 9.212757
753 0.548971 2.559853 10.060376
754 9.712924 2.995082 9.781524
755 4.801469 5.240163 7.384430
756 4.957209 5.381914 8.362004
757 4.731351 4.573822 8.906040
758 4.102960 4.634098 8.130481
759 5.041108 4.364775 7.912893
760 8.178308 8.583237 7.619329
761 8.472637 8.464029 6.671089
762 9.123627 7.712151 6.775460
763 8.284839 7.628693 7.313485
764 7.819812 6.876220 7.779891
765 8.243430 5.416394 3.526729
766 9.212291 5.646376 3.434992
767 8.579432 6.417515 3.365462
768 8.193980 7.338327 3.306040
769 9.014034 7.186763 2.754189
770 2.714731 7.340558 7.248626
771 3.476646 6.755677 7.526834
772 4.009910 6.893773 8.361435
773 4.511538 6.686414 7.521571
774 4.059532 6.018324 6.930515
775 9.715874 8.160984 5.912943
776 8.786118 7.975779 5.594742
777 8.158144 8.753069 5.633082
778 7.229986 8.781443 5.261978
779 7.348345 9.677870 5.689074
780 7.417357 5.469579 6.778246
781 8.287464 5.121512 6.429300
782 9.059463 5.756865 6.447824
783 8.196399 6.114175 6.804826
784 8.314821 6.960580 6.285620
785 7.074715 7.303938 8.364753
786 7.423348 8.240508 8.328819
787 6.744509 8.858111 8.725990
788 6.131735 8.692100 7.953366
789 5.131807 8.702357 7.947113
790 4.207558 6.985812 3.188364
791 3.274549 7.343875 3.152515
792 2.292754 7.276685 3.330179
793 2.938064 6.938984 4.015404
794 2.157279 6.951565 4.640078
795 0.662331 9.265245 9.737040
796 1.459557 8.796912 9.356126
797 0.834812 9.229674 8.706194
798 0.112475 9.370974 8.029242
799 9.934535 9.993838 8.786118
800 8.122892 7.761796 9.033275
801 8.719102 8.022231 8.273862
802 9.681758 8.249204 8.421429
803 9.448532 8.591916 7.511399
804 9.377953 9.097899 6.651748
805 7.628371 3.471783 10.291493
806 8.601747 3.263971 10.388206
807 8.903171 4.024674 9.813337
808 8.621403 4.968743 9.984627
809 7.905135 5.197376 10.643935
810 5.463618 0.053196 7.038695
811 6.059577 9.836773 6.434483
812 5.369365 9.890364 5.712863
813 5.707737 0.310110 5.121831
814 5.199961 9.948541 4.585366
815 6.942642 3.653130 7.159924
816 7.107295 3.052077 6.377860
817 6.770902 2.284108 5.832825
818 6.208546 3.048573 5.517627
819 5.798488 3.048794 6.429687
820 3.766185 10.187489 6.731667
821 4.710451 9.992849 6.466192
822 4.935690 0.653653 6.422066
823 5.898551 0.880940 6.567799
824 5.829948 1.867409 6.716700
825 2.092702 4.742411 8.877273
826 1.346234 4.653432 9.536718
827 2.031773 4.038233 9.926032
828 2.406920 3.593176 9.112897
829 1.645833 3.350597 8.511314
830 2.749837 6.723137 6.282016
831 2.074528 6.010007 6.470175
832 2.543736 6.262998 7.316248
833 1.664031 6.672413 7.558112
834 1.302990 6.907624 8.460512
835 0.081887 7.004953 10.002677
836 0.909598 6.838571 9.466756
837 0.475635 5.986634 9.173704
838 9.570712 5.852017 8.818182
839 9.483756 4.866417 8.963200
840 9.946946 10.011217 5.200246
841 0.582785 9.414203 5.662252
842 1.375615 8.966639 6.075903
843 1.561474 9.770616 5.511034
844 1.535503 0.181868 4.821463
845 6.768993 2.646295 7.294881
846 7.598937 2.243239 7.680549
847 7.706604 1.425676 8.246233
848 8.053914 0.636883 8.753364
849 7.117663 0.299683 8.852006
850 3.348408 1.836828 0.902823
851 3.572438 2.805718 0.797647
852 3.726473 2.202958 0.014733
853 3.903240 2.144977 9.729585
854 3.250943 1.899829 9.012360
855 7.945027 2.887063 0.386703
856 7.158536 2.597946 10.538349
857 6.522596 3.366378 10.609706
858 6.824557 3.347806 9.656567
859 6.582386 4.309534 9.528385
860 0.533304 6.836479 7.723839
861 0.034738 7.360940 7.033642
862 0.181729 7.230760 6.053108
863 0.753636 8.001451 6.334104
864 1.085903 7.191234 6.816958
865 6.198505 6.752792 7.459043
866 5.835720 7.684664 7.457607
867 4.837453 7.723793 7.501563
868 4.610473 8.196873 6.650284
869 3.788214 8.455644 6.143403
870 0.884144 5.024562 10.359667
871 1.113286 4.420520 0.425573
872 1.032655 3.987839 10.225034
873 1.537436 3.384485 0.145021
874 2.141047 3.174203 0.914069
875 5.683155 9.083559 2.220073
876 5.464762 9.193396 1.250413
877 6.399031 9.363162 0.936853
878 6.204923 8.391557 0.801559
879 6.540640 7.577165 1.274909
880 0.287154 6.155026 2.333349
881 0.459971 6.755711 1.552765
882 9.869666 5.978753 1.398287
883 0.836799 5.819503 1.412706
884 1.163876 5.681232 0.477879
885 1.464475 9.288533 10.357025
886 1.354916 9.876558 0.461019
887 0.991552 0.285194 1.050875
888 0.544219 9.719441 1.219887
889 1.025038 8.963163 0.776201
890 1.150672 9.747512 7.477092
891 1.452017 9.981267 8.401510
892 1.500994 9.833291 9.389288
893 1.881972 0.376690 9.039583
894 0.884194 0.310067 9.039421
895 4.394801 0.597778 7.738992
896 4.653267 9.957388 7.580257
897 4.299700 9.248581 8.190652
898 3.439485 8.743634 8.119520
899 3.474740 7.761114 8.302307
900 7.498889 1.049834 1.821533
901 8.234462 0.723363 1.227943
902 8.800076 1.371982 0.718655
903 8.299413 1.915879 1.392088
904 9.208713 1.579865 1.637583
905 3.600639 9.720162 1.899721
906 4.527053 9.838656 1.542348
907 4.513951 9.849833 0.542496
908 4.170449 9.411604 10.409252
909 3.475275 8.752980 10.121245
910 2.408075 9.551076 0.077581
911 3.051305 0.003305 0.039579
912 2.216870 0.184011 0.560216
913 2.818177 0.974513 0.443868
914 1.828029 1.114519 0.441435
915 8.201665 8.821474 8.619893
916 8.967634 8.460778 9.152048
917 9.787239 9.028220 9.231150
918 9.229148 9.149334 8.410256
919 8.755863 9.402929 7.566639
920 4.078366 7.415154 9.632007
921 3.105572 7.495904 9.414867
922 3.416784 8.402122 9.128657
923 4.414104 8.450260 9.073574
924 4.718030 7.599748 8.644320
925 6.268376 1.041708 9.642690
926 5.993113 1.561579 8.834009
927 6.961267 1.351563 8.970287
928 6.739559 1.868222 8.143299
929 5.894304 2.335831 7.884677
930 3.241598 0.620343 9.509375
931 2.470872 0.807172 10.118535
932 3.360960 1.226124 10.298044
933 2.682803 1.900940 10.589121
934 2.946282 2.859193 0.002769
935 6.085269 1.159683 7.736107
936 5.200083 1.251490 7.280018
937 5.050060 1.392646 8.258572
938 4.671727 1.570780 9.166940
939 5.262214 0.778731 9.321802
940 4.597013 2.103681 7.662273
941 4.548001 2.491979 8.582503
942 5.155157 2.432543 9.374859
943 4.637809 2.818920 10.138445
944 5.141483 2.182843 0.025618
945 3.098483 1.668655 2.119679
946 3.609539 2.468008 1.803679
947 3.087421 3.292391 2.022277
948 3.604813 4.067075 2.385829
949 4.255681 4.651556 1.901317
950 3.274486 6.624363 4.964315
951 2.752935 7.400368 5.319001
952 1.863907 7.492561 5.767476
953 2.395811 8.339334 5.760187
954 1.871846 8.123192 6.584046