
Monte Carlo Results for HS 5-mer chain in a L=1.00 HS 5-mer Fluid with N=190 at vf=0.45000
Neighbor list in use with NUPDATE=10
Lbox/sigma=10.34 (rho=0.17189) DR=0.020
ISEED=234567 NEQL=2.00e+05 NRUN=1.00e+06 NACCUM=5

initial delta=0.18  initial rlist=6.61
Lx=10.02 Ly=10.31 Lz=10.70 (nx_max=2 ny_max=10 nz_max=10)

System Config after 0 MC cycles:
0 0.000000 0.000000 0.000000
1 1.000000 0.000000 0.000000
2 2.000000 0.000000 0.000000
3 3.000000 0.000000 0.000000
4 4.000000 0.000000 0.000000
5 5.010000 0.000000 0.000000
6 6.010000 0.000000 0.000000
7 7.010000 0.000000 0.000000
8 8.010000 0.000000 0.000000
9 9.010000 0.000000 0.000000
10 0.000000 1.031250 0.000000
11 1.000000 1.031250 0.000000
12 2.000000 1.031250 0.000000
13 3.000000 1.031250 0.000000
14 4.000000 1.031250 0.000000
15 5.010000 1.031250 0.000000
16 6.010000 1.031250 0.000000
17 7.010000 1.031250 0.000000
18 8.010000 1.031250 0.000000
19 9.010000 1.031250 0.000000
20 0.000000 2.062500 0.000000
21 1.000000 2.062500 0.000000
22 2.000000 2.062500 0.000000
23 3.000000 2.062500 0.000000
24 4.000000 2.062500 0.000000
25 5.010000 2.062500 0.000000
26 6.010000 2.062500 0.000000
27 7.010000 2.062500 0.000000
28 8.010000 2.062500 0.000000
29 9.010000 2.062500 0.000000
30 0.000000 3.093750 0.000000
31 1.000000 3.093750 0.000000
32 2.000000 3.093750 0.000000
33 3.000000 3.093750 0.000000
34 4.000000 3.093750 0.000000
35 5.010000 3.093750 0.000000
36 6.010000 3.093750 0.000000
37 7.010000 3.093750 0.000000
38 8.010000 3.093750 0.000000
39 9.010000 3.093750 0.000000
40 0.000000 4.125000 0.000000
41 1.000000 4.125000 0.000000
42 2.000000 4.125000 0.000000
43 3.000000 4.125000 0.000000
44 4.000000 4.125000 0.000000
45 5.010000 4.125000 0.000000
46 6.010000 4.125000 0.000000
47 7.010000 4.125000 0.000000
48 8.010000 4.125000 0.000000
49 9.010000 4.125000 0.000000
50 0.000000 5.156250 0.000000
51 1.000000 5.156250 0.000000
52 2.000000 5.156250 0.000000
53 3.000000 5.156250 0.000000
54 4.000000 5.156250 0.000000
55 5.010000 5.156250 0.000000
56 6.010000 5.156250 0.000000
57 7.010000 5.156250 0.000000
58 8.010000 5.156250 0.000000
59 9.010000 5.156250 0.000000
60 0.000000 6.187500 0.000000
61 1.000000 6.187500 0.000000
62 2.000000 6.187500 0.000000
63 3.000000 6.187500 0.000000
64 4.000000 6.187500 0.000000
65 5.010000 6.187500 0.000000
66 6.010000 6.187500 0.000000
67 7.010000 6.187500 0.000000
68 8.010000 6.187500 0.000000
69 9.010000 6.187500 0.000000
70 0.000000 7.218750 0.000000
71 1.000000 7.218750 0.000000
72 2.000000 7.218750 0.000000
73 3.000000 7.218750 0.000000
74 4.000000 7.218750 0.000000
75 5.010000 7.218750 0.000000
76 6.010000 7.218750 0.000000
77 7.010000 7.218750 0.000000
78 8.010000 7.218750 0.000000
79 9.010000 7.218750 0.000000
80 0.000000 8.250000 0.000000
81 1.000000 8.250000 0.000000
82 2.000000 8.250000 0.000000
83 3.000000 8.250000 0.000000
84 4.000000 8.250000 0.000000
85 5.010000 8.250000 0.000000
86 6.010000 8.250000 0.000000
87 7.010000 8.250000 0.000000
88 8.010000 8.250000 0.000000
89 9.010000 8.250000 0.000000
90 0.000000 9.281250 0.000000
91 1.000000 9.281250 0.000000
92 2.000000 9.281250 0.000000
93 3.000000 9.281250 0.000000
94 4.000000 9.281250 0.000000
95 5.010000 9.281250 0.000000
96 6.010000 9.281250 0.000000
97 7.010000 9.281250 0.000000
98 8.010000 9.281250 0.000000
99 9.010000 9.281250 0.000000
100 0.000000 0.000000 1.031250
101 1.000000 0.000000 1.031250
102 2.000000 0.000000 1.031250
103 3.000000 0.000000 1.031250
104 4.000000 0.000000 1.031250
105 5.010000 0.000000 1.031250
106 6.010000 0.000000 1.031250
107 7.010000 0.000000 1.031250
108 8.010000 0.000000 1.031250
109 9.010000 0.000000 1.031250
110 0.000000 1.031250 1.031250
111 1.000000 1.031250 1.031250
112 2.000000 1.031250 1.031250
113 3.000000 1.031250 1.031250
114 4.000000 1.031250 1.031250
115 5.010000 1.031250 1.031250
116 6.010000 1.031250 1.031250
117 7.010000 1.031250 1.031250
118 8.010000 1.031250 1.031250
119 9.010000 1.031250 1.031250
120 0.000000 2.062500 1.031250
121 1.000000 2.062500 1.031250
122 2.000000 2.062500 1.031250
123 3.000000 2.062500 1.031250
124 4.000000 2.062500 1.031250
125 5.010000 2.062500 1.031250
126 6.010000 2.062500 1.031250
127 7.010000 2.062500 1.031250
128 8.010000 2.062500 1.031250
129 9.010000 2.062500 1.031250
130 0.000000 3.093750 1.031250
131 1.000000 3.093750 1.031250
132 2.000000 3.093750 1.031250
133 3.000000 3.093750 1.031250
134 4.000000 3.093750 1.031250
135 5.010000 3.093750 1.031250
136 6.010000 3.093750 1.031250
137 7.010000 3.093750 1.031250
138 8.010000 3.093750 1.031250
139 9.010000 3.093750 1.031250
140 0.000000 4.125000 1.031250
141 1.000000 4.125000 1.031250
142 2.000000 4.125000 1.031250
143 3.000000 4.125000 1.031250
144 4.000000 4.125000 1.031250
145 5.010000 4.125000 1.031250
146 6.010000 4.125000 1.031250
147 7.010000 4.125000 1.031250
148 8.010000 4.125000 1.031250
149 9.010000 4.125000 1.031250
150 0.000000 5.156250 1.031250
151 1.000000 5.156250 1.031250
152 2.000000 5.156250 1.031250
153 3.000000 5.156250 1.031250
154 4.000000 5.156250 1.031250
155 5.010000 5.156250 1.031250
156 6.010000 5.156250 1.031250
157 7.010000 5.156250 1.031250
158 8.010000 5.156250 1.031250
159 9.010000 5.156250 1.031250
160 0.000000 6.187500 1.031250
161 1.000000 6.187500 1.031250
162 2.000000 6.187500 1.031250
163 3.000000 6.187500 1.031250
164 4.000000 6.187500 1.031250
165 5.010000 6.187500 1.031250
166 6.010000 6.187500 1.031250
167 7.010000 6.187500 1.031250
168 8.010000 6.187500 1.031250
169 9.010000 6.187500 1.031250
170 0.000000 7.218750 1.031250
171 1.000000 7.218750 1.031250
172 2.000000 7.218750 1.031250
173 3.000000 7.218750 1.031250
174 4.000000 7.218750 1.031250
175 5.010000 7.218750 1.031250
176 6.010000 7.218750 1.031250
177 7.010000 7.218750 1.031250
178 8.010000 7.218750 1.031250
179 9.010000 7.218750 1.031250
180 0.000000 8.250000 1.031250
181 1.000000 8.250000 1.031250
182 2.000000 8.250000 1.031250
183 3.000000 8.250000 1.031250
184 4.000000 8.250000 1.031250
185 5.010000 8.250000 1.031250
186 6.010000 8.250000 1.031250
187 7.010000 8.250000 1.031250
188 8.010000 8.250000 1.031250
189 9.010000 8.250000 1.031250
190 0.000000 9.281250 1.031250
191 1.000000 9.281250 1.031250
192 2.000000 9.281250 1.031250
193 3.000000 9.281250 1.031250
194 4.000000 9.281250 1.031250
195 5.010000 9.281250 1.031250
196 6.010000 9.281250 1.031250
197 7.010000 9.281250 1.031250
198 8.010000 9.281250 1.031250
199 9.010000 9.281250 1.031250
200 0.000000 0.000000 2.062500
201 1.000000 0.000000 2.062500
202 2.000000 0.000000 2.062500
203 3.000000 0.000000 2.062500
204 4.000000 0.000000 2.062500
205 5.010000 0.000000 2.062500
206 6.010000 0.000000 2.062500
207 7.010000 0.000000 2.062500
208 8.010000 0.000000 2.062500
209 9.010000 0.000000 2.062500
210 0.000000 1.031250 2.062500
211 1.000000 1.031250 2.062500
212 2.000000 1.031250 2.062500
213 3.000000 1.031250 2.062500
214 4.000000 1.031250 2.062500
215 5.010000 1.031250 2.062500
216 6.010000 1.031250 2.062500
217 7.010000 1.031250 2.062500
218 8.010000 1.031250 2.062500
219 9.010000 1.031250 2.062500
220 0.000000 2.062500 2.062500
221 1.000000 2.062500 2.062500
222 2.000000 2.062500 2.062500
223 3.000000 2.062500 2.062500
224 4.000000 2.062500 2.062500
225 5.010000 2.062500 2.062500
226 6.010000 2.062500 2.062500
227 7.010000 2.062500 2.062500
228 8.010000 2.062500 2.062500
229 9.010000 2.062500 2.062500
230 0.000000 3.093750 2.062500
231 1.000000 3.093750 2.062500
232 2.000000 3.093750 2.062500
233 3.000000 3.093750 2.062500
234 4.000000 3.093750 2.062500
235 5.010000 3.093750 2.062500
236 6.010000 3.093750 2.062500
237 7.010000 3.093750 2.062500
238 8.010000 3.093750 2.062500
239 9.010000 3.093750 2.062500
240 0.000000 4.125000 2.062500
241 1.000000 4.125000 2.062500
242 2.000000 4.125000 2.062500
243 3.000000 4.125000 2.062500
244 4.000000 4.125000 2.062500
245 5.010000 4.125000 2.062500
246 6.010000 4.125000 2.062500
247 7.010000 4.125000 2.062500
248 8.010000 4.125000 2.062500
249 9.010000 4.125000 2.062500
250 0.000000 5.156250 2.062500
251 1.000000 5.156250 2.062500
252 2.000000 5.156250 2.062500
253 3.000000 5.156250 2.062500
254 4.000000 5.156250 2.062500
255 5.010000 5.156250 2.062500
256 6.010000 5.156250 2.062500
257 7.010000 5.156250 2.062500
258 8.010000 5.156250 2.062500
259 9.010000 5.156250 2.062500
260 0.000000 6.187500 2.062500
261 1.000000 6.187500 2.062500
262 2.000000 6.187500 2.062500
263 3.000000 6.187500 2.062500
264 4.000000 6.187500 2.062500
265 5.010000 6.187500 2.062500
266 6.010000 6.187500 2.062500
267 7.010000 6.187500 2.062500
268 8.010000 6.187500 2.062500
269 9.010000 6.187500 2.062500
270 0.000000 7.218750 2.062500
271 1.000000 7.218750 2.062500
272 2.000000 7.218750 2.062500
273 3.000000 7.218750 2.062500
274 4.000000 7.218750 2.062500
275 5.010000 7.218750 2.062500
276 6.010000 7.218750 2.062500
277 7.010000 7.218750 2.062500
278 8.010000 7.218750 2.062500
279 9.010000 7.218750 2.062500
280 0.000000 8.250000 2.062500
281 1.000000 8.250000 2.062500
282 2.000000 8.250000 2.062500
283 3.000000 8.250000 2.062500
284 4.000000 8.250000 2.062500
285 5.010000 8.250000 2.062500
286 6.010000 8.250000 2.062500
287 7.010000 8.250000 2.062500
288 8.010000 8.250000 2.062500
289 9.010000 8.250000 2.062500
290 0.000000 9.281250 2.062500
291 1.000000 9.281250 2.062500
292 2.000000 9.281250 2.062500
293 3.000000 9.281250 2.062500
294 4.000000 9.281250 2.062500
295 5.010000 9.281250 2.062500
296 6.010000 9.281250 2.062500
297 7.010000 9.281250 2.062500
298 8.010000 9.281250 2.062500
299 9.010000 9.281250 2.062500
300 0.000000 0.000000 3.093750
301 1.000000 0.000000 3.093750
302 2.000000 0.000000 3.093750
303 3.000000 0.000000 3.093750
304 4.000000 0.000000 3.093750
305 5.010000 0.000000 3.093750
306 6.010000 0.000000 3.093750
307 7.010000 0.000000 3.093750
308 8.010000 0.000000 3.093750
309 9.010000 0.000000 3.093750
310 0.000000 1.031250 3.093750
311 1.000000 1.031250 3.093750
312 2.000000 1.031250 3.093750
313 3.000000 1.031250 3.093750
314 4.000000 1.031250 3.093750
315 5.010000 1.031250 3.093750
316 6.010000 1.031250 3.093750
317 7.010000 1.031250 3.093750
318 8.010000 1.031250 3.093750
319 9.010000 1.031250 3.093750
320 0.000000 2.062500 3.093750
321 1.000000 2.062500 3.093750
322 2.000000 2.062500 3.093750
323 3.000000 2.062500 3.093750
324 4.000000 2.062500 3.093750
325 5.010000 2.062500 3.093750
326 6.010000 2.062500 3.093750
327 7.010000 2.062500 3.093750
328 8.010000 2.062500 3.093750
329 9.010000 2.062500 3.093750
330 0.000000 3.093750 3.093750
331 1.000000 3.093750 3.093750
332 2.000000 3.093750 3.093750
333 3.000000 3.093750 3.093750
334 4.000000 3.093750 3.093750
335 5.010000 3.093750 3.093750
336 6.010000 3.093750 3.093750
337 7.010000 3.093750 3.093750
338 8.010000 3.093750 3.093750
339 9.010000 3.093750 3.093750
340 0.000000 4.125000 3.093750
341 1.000000 4.125000 3.093750
342 2.000000 4.125000 3.093750
343 3.000000 4.125000 3.093750
344 4.000000 4.125000 3.093750
345 5.010000 4.125000 3.093750
346 6.010000 4.125000 3.093750
347 7.010000 4.125000 3.093750
348 8.010000 4.125000 3.093750
349 9.010000 4.125000 3.093750
350 0.000000 5.156250 3.093750
351 1.000000 5.156250 3.093750
352 2.000000 5.156250 3.093750
353 3.000000 5.156250 3.093750
354 4.000000 5.156250 3.093750
355 5.010000 5.156250 3.093750
356 6.010000 5.156250 3.093750
357 7.010000 5.156250 3.093750
358 8.010000 5.156250 3.093750
359 9.010000 5.156250 3.093750
360 0.000000 6.187500 3.093750
361 1.000000 6.187500 3.093750
362 2.000000 6.187500 3.093750
363 3.000000 6.187500 3.093750
364 4.000000 6.187500 3.093750
365 5.010000 6.187500 3.093750
366 6.010000 6.187500 3.093750
367 7.010000 6.187500 3.093750
368 8.010000 6.187500 3.093750
369 9.010000 6.187500 3.093750
370 0.000000 7.218750 3.093750
371 1.000000 7.218750 3.093750
372 2.000000 7.218750 3.093750
373 3.000000 7.218750 3.093750
374 4.000000 7.218750 3.093750
375 5.010000 7.218750 3.093750
376 6.010000 7.218750 3.093750
377 7.010000 7.218750 3.093750
378 8.010000 7.218750 3.093750
379 9.010000 7.218750 3.093750
380 0.000000 8.250000 3.093750
381 1.000000 8.250000 3.093750
382 2.000000 8.250000 3.093750
383 3.000000 8.250000 3.093750
384 4.000000 8.250000 3.093750
385 5.010000 8.250000 3.093750
386 6.010000 8.250000 3.093750
387 7.010000 8.250000 3.093750
388 8.010000 8.250000 3.093750
389 9.010000 8.250000 3.093750
390 0.000000 9.281250 3.093750
391 1.000000 9.281250 3.093750
392 2.000000 9.281250 3.093750
393 3.000000 9.281250 3.093750
394 4.000000 9.281250 3.093750
395 5.010000 9.281250 3.093750
396 6.010000 9.281250 3.093750
397 7.010000 9.281250 3.093750
398 8.010000 9.281250 3.093750
399 9.010000 9.281250 3.093750
400 0.000000 0.000000 4.125000
401 1.000000 0.000000 4.125000
402 2.000000 0.000000 4.125000
403 3.000000 0.000000 4.125000
404 4.000000 0.000000 4.125000
405 5.010000 0.000000 4.125000
406 6.010000 0.000000 4.125000
407 7.010000 0.000000 4.125000
408 8.010000 0.000000 4.125000
409 9.010000 0.000000 4.125000
410 0.000000 1.031250 4.125000
411 1.000000 1.031250 4.125000
412 2.000000 1.031250 4.125000
413 3.000000 1.031250 4.125000
414 4.000000 1.031250 4.125000
415 5.010000 1.031250 4.125000
416 6.010000 1.031250 4.125000
417 7.010000 1.031250 4.125000
418 8.010000 1.031250 4.125000
419 9.010000 1.031250 4.125000
420 0.000000 2.062500 4.125000
421 1.000000 2.062500 4.125000
422 2.000000 2.062500 4.125000
423 3.000000 2.062500 4.125000
424 4.000000 2.062500 4.125000
425 5.010000 2.062500 4.125000
426 6.010000 2.062500 4.125000
427 7.010000 2.062500 4.125000
428 8.010000 2.062500 4.125000
429 9.010000 2.062500 4.125000
430 0.000000 3.093750 4.125000
431 1.000000 3.093750 4.125000
432 2.000000 3.093750 4.125000
433 3.000000 3.093750 4.125000
434 4.000000 3.093750 4.125000
435 5.010000 3.093750 4.125000
436 6.010000 3.093750 4.125000
437 7.010000 3.093750 4.125000
438 8.010000 3.093750 4.125000
439 9.010000 3.093750 4.125000
440 0.000000 4.125000 4.125000
441 1.000000 4.125000 4.125000
442 2.000000 4.125000 4.125000
443 3.000000 4.125000 4.125000
444 4.000000 4.125000 4.125000
445 5.010000 4.125000 4.125000
446 6.010000 4.125000 4.125000
447 7.010000 4.125000 4.125000
448 8.010000 4.125000 4.125000
449 9.010000 4.125000 4.125000
450 0.000000 5.156250 4.125000
451 1.000000 5.156250 4.125000
452 2.000000 5.156250 4.125000
453 3.000000 5.156250 4.125000
454 4.000000 5.156250 4.125000
455 5.010000 5.156250 4.125000
456 6.010000 5.156250 4.125000
457 7.010000 5.156250 4.125000
458 8.010000 5.156250 4.125000
459 9.010000 5.156250 4.125000
460 0.000000 6.187500 4.125000
461 1.000000 6.187500 4.125000
462 2.000000 6.187500 4.125000
463 3.000000 6.187500 4.125000
464 4.000000 6.187500 4.125000
465 5.010000 6.187500 4.125000
466 6.010000 6.187500 4.125000
467 7.010000 6.187500 4.125000
468 8.010000 6.187500 4.125000
469 9.010000 6.187500 4.125000
470 0.000000 7.218750 4.125000
471 1.000000 7.218750 4.125000
472 2.000000 7.218750 4.125000
473 3.000000 7.218750 4.125000
474 4.000000 7.218750 4.125000
475 5.010000 7.218750 4.125000
476 6.010000 7.218750 4.125000
477 7.010000 7.218750 4.125000
478 8.010000 7.218750 4.125000
479 9.010000 7.218750 4.125000
480 0.000000 8.250000 4.125000
481 1.000000 8.250000 4.125000
482 2.000000 8.250000 4.125000
483 3.000000 8.250000 4.125000
484 4.000000 8.250000 4.125000
485 5.010000 8.250000 4.125000
486 6.010000 8.250000 4.125000
487 7.010000 8.250000 4.125000
488 8.010000 8.250000 4.125000
489 9.010000 8.250000 4.125000
490 0.000000 9.281250 4.125000
491 1.000000 9.281250 4.125000
492 2.000000 9.281250 4.125000
493 3.000000 9.281250 4.125000
494 4.000000 9.281250 4.125000
495 5.010000 9.281250 4.125000
496 6.010000 9.281250 4.125000
497 7.010000 9.281250 4.125000
498 8.010000 9.281250 4.125000
499 9.010000 9.281250 4.125000
500 0.000000 0.000000 5.156250
501 1.000000 0.000000 5.156250
502 2.000000 0.000000 5.156250
503 3.000000 0.000000 5.156250
504 4.000000 0.000000 5.156250
505 5.010000 0.000000 5.156250
506 6.010000 0.000000 5.156250
507 7.010000 0.000000 5.156250
508 8.010000 0.000000 5.156250
509 9.010000 0.000000 5.156250
510 0.000000 1.031250 5.156250
511 1.000000 1.031250 5.156250
512 2.000000 1.031250 5.156250
513 3.000000 1.031250 5.156250
514 4.000000 1.031250 5.156250
515 5.010000 1.031250 5.156250
516 6.010000 1.031250 5.156250
517 7.010000 1.031250 5.156250
518 8.010000 1.031250 5.156250
519 9.010000 1.031250 5.156250
520 0.000000 2.062500 5.156250
521 1.000000 2.062500 5.156250
522 2.000000 2.062500 5.156250
523 3.000000 2.062500 5.156250
524 4.000000 2.062500 5.156250
525 5.010000 2.062500 5.156250
526 6.010000 2.062500 5.156250
527 7.010000 2.062500 5.156250
528 8.010000 2.062500 5.156250
529 9.010000 2.062500 5.156250
530 0.000000 3.093750 5.156250
531 1.000000 3.093750 5.156250
532 2.000000 3.093750 5.156250
533 3.000000 3.093750 5.156250
534 4.000000 3.093750 5.156250
535 5.010000 3.093750 5.156250
536 6.010000 3.093750 5.156250
537 7.010000 3.093750 5.156250
538 8.010000 3.093750 5.156250
539 9.010000 3.093750 5.156250
540 0.000000 4.125000 5.156250
541 1.000000 4.125000 5.156250
542 2.000000 4.125000 5.156250
543 3.000000 4.125000 5.156250
544 4.000000 4.125000 5.156250
545 5.010000 4.125000 5.156250
546 6.010000 4.125000 5.156250
547 7.010000 4.125000 5.156250
548 8.010000 4.125000 5.156250
549 9.010000 4.125000 5.156250
550 0.000000 5.156250 5.156250
551 1.000000 5.156250 5.156250
552 2.000000 5.156250 5.156250
553 3.000000 5.156250 5.156250
554 4.000000 5.156250 5.156250
555 5.010000 5.156250 5.156250
556 6.010000 5.156250 5.156250
557 7.010000 5.156250 5.156250
558 8.010000 5.156250 5.156250
559 9.010000 5.156250 5.156250
560 0.000000 6.187500 5.156250
561 1.000000 6.187500 5.156250
562 2.000000 6.187500 5.156250
563 3.000000 6.187500 5.156250
564 4.000000 6.187500 5.156250
565 5.010000 6.187500 5.156250
566 6.010000 6.187500 5.156250
567 7.010000 6.187500 5.156250
568 8.010000 6.187500 5.156250
569 9.010000 6.187500 5.156250
570 0.000000 7.218750 5.156250
571 1.000000 7.218750 5.156250
572 2.000000 7.218750 5.156250
573 3.000000 7.218750 5.156250
574 4.000000 7.218750 5.156250
575 5.010000 7.218750 5.156250
576 6.010000 7.218750 5.156250
577 7.010000 7.218750 5.156250
578 8.010000 7.218750 5.156250
579 9.010000 7.218750 5.156250
580 0.000000 8.250000 5.156250
581 1.000000 8.250000 5.156250
582 2.000000 8.250000 5.156250
583 3.000000 8.250000 5.156250
584 4.000000 8.250000 5.156250
585 5.010000 8.250000 5.156250
586 6.010000 8.250000 5.156250
587 7.010000 8.250000 5.156250
588 8.010000 8.250000 5.156250
589 9.010000 8.250000 5.156250
590 0.000000 9.281250 5.156250
591 1.000000 9.281250 5.156250
592 2.000000 9.281250 5.156250
593 3.000000 9.281250 5.156250
594 4.000000 9.281250 5.156250
595 5.010000 9.281250 5.156250
596 6.010000 9.281250 5.156250
597 7.010000 9.281250 5.156250
598 8.010000 9.281250 5.156250
599 9.010000 9.281250 5.156250
600 0.000000 0.000000 6.187500
601 1.000000 0.000000 6.187500
602 2.000000 0.000000 6.187500
603 3.000000 0.000000 6.187500
604 4.000000 0.000000 6.187500
605 5.010000 0.000000 6.187500
606 6.010000 0.000000 6.187500
607 7.010000 0.000000 6.187500
608 8.010000 0.000000 6.187500
609 9.010000 0.000000 6.187500
610 0.000000 1.031250 6.187500
611 1.000000 1.031250 6.187500
612 2.000000 1.031250 6.187500
613 3.000000 1.031250 6.187500
614 4.000000 1.031250 6.187500
615 5.010000 1.031250 6.187500
616 6.010000 1.031250 6.187500
617 7.010000 1.031250 6.187500
618 8.010000 1.031250 6.187500
619 9.010000 1.031250 6.187500
620 0.000000 2.062500 6.187500
621 1.000000 2.062500 6.187500
622 2.000000 2.062500 6.187500
623 3.000000 2.062500 6.187500
624 4.000000 2.062500 6.187500
625 5.010000 2.062500 6.187500
626 6.010000 2.062500 6.187500
627 7.010000 2.062500 6.187500
628 8.010000 2.062500 6.187500
629 9.010000 2.062500 6.187500
630 0.000000 3.093750 6.187500
631 1.000000 3.093750 6.187500
632 2.000000 3.093750 6.187500
633 3.000000 3.093750 6.187500
634 4.000000 3.093750 6.187500
635 5.010000 3.093750 6.187500
636 6.010000 3.093750 6.187500
637 7.010000 3.093750 6.187500
638 8.010000 3.093750 6.187500
639 9.010000 3.093750 6.187500
640 0.000000 4.125000 6.187500
641 1.000000 4.125000 6.187500
642 2.000000 4.125000 6.187500
643 3.000000 4.125000 6.187500
644 4.000000 4.125000 6.187500
645 5.010000 4.125000 6.187500
646 6.010000 4.125000 6.187500
647 7.010000 4.125000 6.187500
648 8.010000 4.125000 6.187500
649 9.010000 4.125000 6.187500
650 0.000000 5.156250 6.187500
651 1.000000 5.156250 6.187500
652 2.000000 5.156250 6.187500
653 3.000000 5.156250 6.187500
654 4.000000 5.156250 6.187500
655 5.010000 5.156250 6.187500
656 6.010000 5.156250 6.187500
657 7.010000 5.156250 6.187500
658 8.010000 5.156250 6.187500
659 9.010000 5.156250 6.187500
660 0.000000 6.187500 6.187500
661 1.000000 6.187500 6.187500
662 2.000000 6.187500 6.187500
663 3.000000 6.187500 6.187500
664 4.000000 6.187500 6.187500
665 5.010000 6.187500 6.187500
666 6.010000 6.187500 6.187500
667 7.010000 6.187500 6.187500
668 8.010000 6.187500 6.187500
669 9.010000 6.187500 6.187500
670 0.000000 7.218750 6.187500
671 1.000000 7.218750 6.187500
672 2.000000 7.218750 6.187500
673 3.000000 7.218750 6.187500
674 4.000000 7.218750 6.187500
675 5.010000 7.218750 6.187500
676 6.010000 7.218750 6.187500
677 7.010000 7.218750 6.187500
678 8.010000 7.218750 6.187500
679 9.010000 7.218750 6.187500
680 0.000000 8.250000 6.187500
681 1.000000 8.250000 6.187500
682 2.000000 8.250000 6.187500
683 3.000000 8.250000 6.187500
684 4.000000 8.250000 6.187500
685 5.010000 8.250000 6.187500
686 6.010000 8.250000 6.187500
687 7.010000 8.250000 6.187500
688 8.010000 8.250000 6.187500
689 9.010000 8.250000 6.187500
690 0.000000 9.281250 6.187500
691 1.000000 9.281250 6.187500
692 2.000000 9.281250 6.187500
693 3.000000 9.281250 6.187500
694 4.000000 9.281250 6.187500
695 5.010000 9.281250 6.187500
696 6.010000 9.281250 6.187500
697 7.010000 9.281250 6.187500
698 8.010000 9.281250 6.187500
699 9.010000 9.281250 6.187500
700 0.000000 0.000000 7.218750
701 1.000000 0.000000 7.218750
702 2.000000 0.000000 7.218750
703 3.000000 0.000000 7.218750
704 4.000000 0.000000 7.218750
705 5.010000 0.000000 7.218750
706 6.010000 0.000000 7.218750
707 7.010000 0.000000 7.218750
708 8.010000 0.000000 7.218750
709 9.010000 0.000000 7.218750
710 0.000000 1.031250 7.218750
711 1.000000 1.031250 7.218750
712 2.000000 1.031250 7.218750
713 3.000000 1.031250 7.218750
714 4.000000 1.031250 7.218750
715 5.010000 1.031250 7.218750
716 6.010000 1.031250 7.218750
717 7.010000 1.031250 7.218750
718 8.010000 1.031250 7.218750
719 9.010000 1.031250 7.218750
720 0.000000 2.062500 7.218750
721 1.000000 2.062500 7.218750
722 2.000000 2.062500 7.218750
723 3.000000 2.062500 7.218750
724 4.000000 2.062500 7.218750
725 5.010000 2.062500 7.218750
726 6.010000 2.062500 7.218750
727 7.010000 2.062500 7.218750
728 8.010000 2.062500 7.218750
729 9.010000 2.062500 7.218750
730 0.000000 3.093750 7.218750
731 1.000000 3.093750 7.218750
732 2.000000 3.093750 7.218750
733 3.000000 3.093750 7.218750
734 4.000000 3.093750 7.218750
735 5.010000 3.093750 7.218750
736 6.010000 3.093750 7.218750
737 7.010000 3.093750 7.218750
738 8.010000 3.093750 7.218750
739 9.010000 3.093750 7.218750
740 0.000000 4.125000 7.218750
741 1.000000 4.125000 7.218750
742 2.000000 4.125000 7.218750
743 3.000000 4.125000 7.218750
744 4.000000 4.125000 7.218750
745 5.010000 4.125000 7.218750
746 6.010000 4.125000 7.218750
747 7.010000 4.125000 7.218750
748 8.010000 4.125000 7.218750
749 9.010000 4.125000 7.218750
750 0.000000 5.156250 7.218750
751 1.000000 5.156250 7.218750
752 2.000000 5.156250 7.218750
753 3.000000 5.156250 7.218750
754 4.000000 5.156250 7.218750
755 5.010000 5.156250 7.218750
756 6.010000 5.156250 7.218750
757 7.010000 5.156250 7.218750
758 8.010000 5.156250 7.218750
759 9.010000 5.156250 7.218750
760 0.000000 6.187500 7.218750
761 1.000000 6.187500 7.218750
762 2.000000 6.187500 7.218750
763 3.000000 6.187500 7.218750
764 4.000000 6.187500 7.218750
765 5.010000 6.187500 7.218750
766 6.010000 6.187500 7.218750
767 7.010000 6.187500 7.218750
768 8.010000 6.187500 7.218750
769 9.010000 6.187500 7.218750
770 0.000000 7.218750 7.218750
771 1.000000 7.218750 7.218750
772 2.000000 7.218750 7.218750
773 3.000000 7.218750 7.218750
774 4.000000 7.218750 7.218750
775 5.010000 7.218750 7.218750
776 6.010000 7.218750 7.218750
777 7.010000 7.218750 7.218750
778 8.010000 7.218750 7.218750
779 9.010000 7.218750 7.218750
780 0.000000 8.250000 7.218750
781 1.000000 8.250000 7.218750
782 2.000000 8.250000 7.218750
783 3.000000 8.250000 7.218750
784 4.000000 8.250000 7.218750
785 5.010000 8.250000 7.218750
786 6.010000 8.250000 7.218750
787 7.010000 8.250000 7.218750
788 8.010000 8.250000 7.218750
789 9.010000 8.250000 7.218750
790 0.000000 9.281250 7.218750
791 1.000000 9.281250 7.218750
792 2.000000 9.281250 7.218750
793 3.000000 9.281250 7.218750
794 4.000000 9.281250 7.218750
795 5.010000 9.281250 7.218750
796 6.010000 9.281250 7.218750
797 7.010000 9.281250 7.218750
798 8.010000 9.281250 7.218750
799 9.010000 9.281250 7.218750
800 0.000000 0.000000 8.250000
801 1.000000 0.000000 8.250000
802 2.000000 0.000000 8.250000
803 3.000000 0.000000 8.250000
804 4.000000 0.000000 8.250000
805 5.010000 0.000000 8.250000
806 6.010000 0.000000 8.250000
807 7.010000 0.000000 8.250000
808 8.010000 0.000000 8.250000
809 9.010000 0.000000 8.250000
810 0.000000 1.031250 8.250000
811 1.000000 1.031250 8.250000
812 2.000000 1.031250 8.250000
813 3.000000 1.031250 8.250000
814 4.000000 1.031250 8.250000
815 5.010000 1.031250 8.250000
816 6.010000 1.031250 8.250000
817 7.010000 1.031250 8.250000
818 8.010000 1.031250 8.250000
819 9.010000 1.031250 8.250000
820 0.000000 2.062500 8.250000
821 1.000000 2.062500 8.250000
822 2.000000 2.062500 8.250000
823 3.000000 2.062500 8.250000
824 4.000000 2.062500 8.250000
825 5.010000 2.062500 8.250000
826 6.010000 2.062500 8.250000
827 7.010000 2.062500 8.250000
828 8.010000 2.062500 8.250000
829 9.010000 2.062500 8.250000
830 0.000000 3.093750 8.250000
831 1.000000 3.093750 8.250000
832 2.000000 3.093750 8.250000
833 3.000000 3.093750 8.250000
834 4.000000 3.093750 8.250000
835 5.010000 3.093750 8.250000
836 6.010000 3.093750 8.250000
837 7.010000 3.093750 8.250000
838 8.010000 3.093750 8.250000
839 9.010000 3.093750 8.250000
840 0.000000 4.125000 8.250000
841 1.000000 4.125000 8.250000
842 2.000000 4.125000 8.250000
843 3.000000 4.125000 8.250000
844 4.000000 4.125000 8.250000
845 5.010000 4.125000 8.250000
846 6.010000 4.125000 8.250000
847 7.010000 4.125000 8.250000
848 8.010000 4.125000 8.250000
849 9.010000 4.125000 8.250000
850 0.000000 5.156250 8.250000
851 1.000000 5.156250 8.250000
852 2.000000 5.156250 8.250000
853 3.000000 5.156250 8.250000
854 4.000000 5.156250 8.250000
855 5.010000 5.156250 8.250000
856 6.010000 5.156250 8.250000
857 7.010000 5.156250 8.250000
858 8.010000 5.156250 8.250000
859 9.010000 5.156250 8.250000
860 0.000000 6.187500 8.250000
861 1.000000 6.187500 8.250000
862 2.000000 6.187500 8.250000
863 3.000000 6.187500 8.250000
864 4.000000 6.187500 8.250000
865 5.010000 6.187500 8.250000
866 6.010000 6.187500 8.250000
867 7.010000 6.187500 8.250000
868 8.010000 6.187500 8.250000
869 9.010000 6.187500 8.250000
870 0.000000 7.218750 8.250000
871 1.000000 7.218750 8.250000
872 2.000000 7.218750 8.250000
873 3.000000 7.218750 8.250000
874 4.000000 7.218750 8.250000
875 5.010000 7.218750 8.250000
876 6.010000 7.218750 8.250000
877 7.010000 7.218750 8.250000
878 8.010000 7.218750 8.250000
879 9.010000 7.218750 8.250000
880 0.000000 8.250000 8.250000
881 1.000000 8.250000 8.250000
882 2.000000 8.250000 8.250000
883 3.000000 8.250000 8.250000
884 4.000000 8.250000 8.250000
885 5.010000 8.250000 8.250000
886 6.010000 8.250000 8.250000
887 7.010000 8.250000 8.250000
888 8.010000 8.250000 8.250000
889 9.010000 8.250000 8.250000
890 0.000000 9.281250 8.250000
891 1.000000 9.281250 8.250000
892 2.000000 9.281250 8.250000
893 3.000000 9.281250 8.250000
894 4.000000 9.281250 8.250000
895 5.010000 9.281250 8.250000
896 6.010000 9.281250 8.250000
897 7.010000 9.281250 8.250000
898 8.010000 9.281250 8.250000
899 9.010000 9.281250 8.250000
900 0.000000 0.000000 9.281250
901 1.000000 0.000000 9.281250
902 2.000000 0.000000 9.281250
903 3.000000 0.000000 9.281250
904 4.000000 0.000000 9.281250
905 5.010000 0.000000 9.281250
906 6.010000 0.000000 9.281250
907 7.010000 0.000000 9.281250
908 8.010000 0.000000 9.281250
909 9.010000 0.000000 9.281250
910 0.000000 1.031250 9.281250
911 1.000000 1.031250 9.281250
912 2.000000 1.031250 9.281250
913 3.000000 1.031250 9.281250
914 4.000000 1.031250 9.281250
915 5.010000 1.031250 9.281250
916 6.010000 1.031250 9.281250
917 7.010000 1.031250 9.281250
918 8.010000 1.031250 9.281250
919 9.010000 1.031250 9.281250
920 0.000000 2.062500 9.281250
921 1.000000 2.062500 9.281250
922 2.000000 2.062500 9.281250
923 3.000000 2.062500 9.281250
924 4.000000 2.062500 9.281250
925 5.010000 2.062500 9.281250
926 6.010000 2.062500 9.281250
927 7.010000 2.062500 9.281250
928 8.010000 2.062500 9.281250
929 9.010000 2.062500 9.281250
930 0.000000 3.093750 9.281250
931 1.000000 3.093750 9.281250
932 2.000000 3.093750 9.281250
933 3.000000 3.093750 9.281250
934 4.000000 3.093750 9.281250
935 5.010000 3.093750 9.281250
936 6.010000 3.093750 9.281250
937 7.010000 3.093750 9.281250
938 8.010000 3.093750 9.281250
939 9.010000 3.093750 9.281250
940 0.000000 4.125000 9.281250
941 1.000000 4.125000 9.281250
942 2.000000 4.125000 9.281250
943 3.000000 4.125000 9.281250
944 4.000000 4.125000 9.281250
945 5.010000 4.125000 9.281250
946 6.010000 4.125000 9.281250
947 7.010000 4.125000 9.281250
948 8.010000 4.125000 9.281250
949 9.010000 4.125000 9.281250
950 0.000000 5.156250 9.281250
951 1.000000 5.156250 9.281250
952 2.000000 5.156250 9.281250
953 3.000000 5.156250 9.281250
954 4.000000 5.156250 9.281250
